Time,header.seq,header.stamp.secs,header.stamp.nsecs,header.frame_id,status.status,status.service,latitude,longitude,altitude,position_covariance_0,position_covariance_1,position_covariance_2,position_covariance_3,position_covariance_4,position_covariance_5,position_covariance_6,position_covariance_7,position_covariance_8,position_covariance_type
1593996285.366247,25988,1574795807,251754999,navsat_link,2,1,40.663537015,-74.56454322,44.26,0.007744000000000002,0.0,0.0,0.0,0.011320960000000001,0.0,0.0,0.0,163.84000000000003,1
1593996285.5774584,25989,1574795807,462842941,navsat_link,2,1,40.663536115,-74.56454282666667,44.214999999999996,0.00788544,0.0,0.0,0.0,0.011837440000000001,0.0,0.0,0.0,163.84000000000003,1
1593996285.7549863,25990,1574795807,640527009,navsat_link,2,1,40.663534845,-74.56454313333333,44.10099999999999,0.00788544,0.0,0.0,0.0,0.011491840000000003,0.0,0.0,0.0,163.84000000000003,1
1593996285.9797912,25991,1574795807,864800930,navsat_link,2,1,40.663533173333335,-74.56454287333334,44.105,0.007744000000000002,0.0,0.0,0.0,0.011320960000000001,0.0,0.0,0.0,163.84000000000003,1
1593996286.1597335,25992,1574795808,45022010,navsat_link,2,1,40.663531903333336,-74.56454259833333,44.064,0.007744000000000002,0.0,0.0,0.0,0.011151360000000003,0.0,0.0,0.0,163.84000000000003,1
1593996286.3572705,25993,1574795808,242470026,navsat_link,2,1,40.66353014333333,-74.56454224833334,44.037,0.007744000000000002,0.0,0.0,0.0,0.011151360000000003,0.0,0.0,0.0,163.84000000000003,1
1593996286.5590856,25994,1574795808,444366931,navsat_link,2,1,40.66352799166667,-74.564541755,44.109,0.007744000000000002,0.0,0.0,0.0,0.011151360000000003,0.0,0.0,0.0,163.84000000000003,1
1593996286.7577043,25995,1574795808,642312049,navsat_link,2,1,40.663525285,-74.564542005,44.10999999999999,0.009623610000000001,0.0,0.0,0.0,0.013900410000000002,0.0,0.0,0.0,207.36,1
1593996286.9582827,25996,1574795808,843493938,navsat_link,2,1,40.66352319666667,-74.564541925,44.086999999999996,0.009623610000000001,0.0,0.0,0.0,0.013900410000000002,0.0,0.0,0.0,207.36,1
1593996287.1608677,25997,1574795809,45190095,navsat_link,2,1,40.66352093333333,-74.56454225333333,44.052,0.009623610000000001,0.0,0.0,0.0,0.013900410000000002,0.0,0.0,0.0,207.36,1
1593996287.3530846,25998,1574795809,238404035,navsat_link,2,1,40.663519765,-74.56454228833333,44.050999999999995,0.009623610000000001,0.0,0.0,0.0,0.013900410000000002,0.0,0.0,0.0,207.36,1
1593996287.5605087,25999,1574795809,444935083,navsat_link,2,1,40.66351898833334,-74.564542345,44.091,0.00760384,0.0,0.0,0.0,0.010816000000000003,0.0,0.0,0.0,163.84000000000003,1
1593996287.7536647,26000,1574795809,639013051,navsat_link,2,1,40.663518525,-74.56454194666667,44.105,0.00760384,0.0,0.0,0.0,0.010816000000000003,0.0,0.0,0.0,163.84000000000003,1
1593996287.9929605,26001,1574795809,878427028,navsat_link,2,1,40.66351727833333,-74.56454132333333,44.138,0.00760384,0.0,0.0,0.0,0.010816000000000003,0.0,0.0,0.0,163.84000000000003,1
1593996288.1710222,26002,1574795810,56518077,navsat_link,2,1,40.66351611166667,-74.56454030833333,44.141,0.0074649600000000005,0.0,0.0,0.0,0.010816000000000003,0.0,0.0,0.0,163.84000000000003,1
1593996288.3712547,26003,1574795810,256452083,navsat_link,2,1,40.66351488666667,-74.56453917666667,44.11299999999999,0.0074649600000000005,0.0,0.0,0.0,0.010650240000000004,0.0,0.0,0.0,163.84000000000003,1
1593996288.5654786,26004,1574795810,450813055,navsat_link,2,1,40.663513475,-74.56453757833333,44.115,0.0074649600000000005,0.0,0.0,0.0,0.010650240000000004,0.0,0.0,0.0,163.84000000000003,1
1593996288.7690585,26005,1574795810,653517007,navsat_link,2,1,40.66351242,-74.564536535,44.056000000000004,0.0074649600000000005,0.0,0.0,0.0,0.010816000000000003,0.0,0.0,0.0,163.84000000000003,1
1593996288.9810393,26006,1574795810,866206884,navsat_link,2,1,40.66351109166666,-74.56453521166667,44.068999999999996,0.0074649600000000005,0.0,0.0,0.0,0.010816000000000003,0.0,0.0,0.0,163.84000000000003,1
1593996289.1748896,26007,1574795811,59721946,navsat_link,2,1,40.663510366666664,-74.564534865,44.062999999999995,0.0074649600000000005,0.0,0.0,0.0,0.010650240000000004,0.0,0.0,0.0,163.84000000000003,1
1593996289.3704112,26008,1574795811,255599975,navsat_link,2,1,40.663509043333335,-74.56453281333333,44.083000000000006,0.0074649600000000005,0.0,0.0,0.0,0.010650240000000004,0.0,0.0,0.0,163.84000000000003,1
1593996289.5651085,26009,1574795811,450226068,navsat_link,2,1,40.66350751,-74.56453092,44.109,0.0074649600000000005,0.0,0.0,0.0,0.010650240000000004,0.0,0.0,0.0,163.84000000000003,1
1593996289.7629344,26010,1574795811,648464918,navsat_link,2,1,40.663505926666666,-74.56452804333334,44.142999999999994,0.00927369,0.0,0.0,0.0,0.013479210000000002,0.0,0.0,0.0,207.36,1
1593996289.9773088,26011,1574795811,862606048,navsat_link,2,1,40.66350478166667,-74.56452627,44.127,0.00927369,0.0,0.0,0.0,0.013479210000000002,0.0,0.0,0.0,207.36,1
1593996290.1818957,26012,1574795812,66989898,navsat_link,2,1,40.66350400166667,-74.564524845,44.092999999999996,0.00927369,0.0,0.0,0.0,0.013271040000000003,0.0,0.0,0.0,207.36,1
1593996290.3779583,26013,1574795812,263004064,navsat_link,2,1,40.663503778333336,-74.56452414166667,44.13099999999999,0.00927369,0.0,0.0,0.0,0.013479210000000002,0.0,0.0,0.0,207.36,1
1593996290.5740821,26014,1574795812,459182024,navsat_link,2,1,40.66350260833333,-74.56452281666667,44.12,0.00927369,0.0,0.0,0.0,0.013689000000000002,0.0,0.0,0.0,207.36,1
1593996290.768929,26015,1574795812,654077053,navsat_link,2,1,40.66350089833333,-74.56452165833333,44.053000000000004,0.00927369,0.0,0.0,0.0,0.013479210000000002,0.0,0.0,0.0,207.36,1
1593996290.9656858,26016,1574795812,850470066,navsat_link,2,1,40.6634991,-74.564520545,44.013,0.00927369,0.0,0.0,0.0,0.013479210000000002,0.0,0.0,0.0,207.36,1
1593996291.1698766,26017,1574795813,54800987,navsat_link,2,1,40.66349803666667,-74.56451933666666,44.013,0.00927369,0.0,0.0,0.0,0.013479210000000002,0.0,0.0,0.0,207.36,1
1593996291.3585207,26018,1574795813,243679046,navsat_link,2,1,40.66349692666667,-74.56451801666667,44.041999999999994,0.00927369,0.0,0.0,0.0,0.013271040000000003,0.0,0.0,0.0,207.36,1
1593996291.5610147,26019,1574795813,445878982,navsat_link,2,1,40.66349550666666,-74.56451599833333,43.964999999999996,0.00927369,0.0,0.0,0.0,0.013271040000000003,0.0,0.0,0.0,207.36,1
1593996291.7724545,26020,1574795813,657259941,navsat_link,2,1,40.66349373,-74.564514575,44.029,0.00910116,0.0,0.0,0.0,0.01306449,0.0,0.0,0.0,207.36,1
1593996291.960375,26021,1574795813,845870971,navsat_link,2,1,40.663492358333336,-74.56451277,43.961999999999996,0.00910116,0.0,0.0,0.0,0.01306449,0.0,0.0,0.0,207.36,1
1593996292.1623034,26022,1574795814,47277927,navsat_link,2,1,40.663490378333336,-74.564511445,43.922999999999995,0.00910116,0.0,0.0,0.0,0.01306449,0.0,0.0,0.0,207.36,1
1593996292.3728175,26023,1574795814,257028102,navsat_link,2,1,40.663489035,-74.56451065,43.909,0.00910116,0.0,0.0,0.0,0.01285956,0.0,0.0,0.0,207.36,1
1593996292.5596168,26024,1574795814,444953918,navsat_link,2,1,40.663487663333335,-74.56450912333334,43.823,0.00910116,0.0,0.0,0.0,0.01285956,0.0,0.0,0.0,207.36,1
1593996292.7621644,26025,1574795814,647535085,navsat_link,2,1,40.663486166666665,-74.56450750833334,43.826,0.00910116,0.0,0.0,0.0,0.01285956,0.0,0.0,0.0,207.36,1
1593996292.967879,26026,1574795814,853137969,navsat_link,2,1,40.663484606666664,-74.56450495166666,43.847,0.00893025,0.0,0.0,0.0,0.01285956,0.0,0.0,0.0,207.36,1
1593996293.1688657,26027,1574795815,53657054,navsat_link,2,1,40.663482955,-74.56450244666667,43.861,0.00893025,0.0,0.0,0.0,0.01285956,0.0,0.0,0.0,207.36,1
1593996293.3540847,26028,1574795815,239660024,navsat_link,2,1,40.66348132,-74.56449972166666,43.862,0.00893025,0.0,0.0,0.0,0.01285956,0.0,0.0,0.0,207.36,1
1593996293.5607796,26029,1574795815,446167945,navsat_link,2,1,40.66347993666667,-74.56449800166666,43.861,0.00893025,0.0,0.0,0.0,0.01285956,0.0,0.0,0.0,207.36,1
1593996293.7642167,26030,1574795815,649723052,navsat_link,2,1,40.66347847666667,-74.56449589833333,43.826,0.00893025,0.0,0.0,0.0,0.01265625,0.0,0.0,0.0,207.36,1
1593996293.9683237,26031,1574795815,853703022,navsat_link,2,1,40.663476575,-74.56449367333333,43.767,0.00893025,0.0,0.0,0.0,0.01265625,0.0,0.0,0.0,207.36,1
1593996294.17271,26032,1574795816,56901931,navsat_link,2,1,40.66347474166667,-74.56449202166667,43.705999999999996,0.00893025,0.0,0.0,0.0,0.01265625,0.0,0.0,0.0,207.36,1
1593996294.3644211,26033,1574795816,249718904,navsat_link,2,1,40.66347368,-74.564490245,43.678999999999995,0.00893025,0.0,0.0,0.0,0.012454560000000002,0.0,0.0,0.0,207.36,1
1593996294.571164,26034,1574795816,456182003,navsat_link,2,1,40.66347209166667,-74.564487635,43.675000000000004,0.00876096,0.0,0.0,0.0,0.012454560000000002,0.0,0.0,0.0,207.36,1
1593996294.765625,26035,1574795816,650929927,navsat_link,2,1,40.66347026166667,-74.56448483166666,43.721,0.00876096,0.0,0.0,0.0,0.012454560000000002,0.0,0.0,0.0,207.36,1
1593996294.9572687,26036,1574795816,842778921,navsat_link,2,1,40.66346851833333,-74.56448270166666,43.74399999999999,0.00876096,0.0,0.0,0.0,0.012454560000000002,0.0,0.0,0.0,207.36,1
1593996295.1678045,26037,1574795817,53111076,navsat_link,2,1,40.663467051666665,-74.56448015666666,43.739,0.00876096,0.0,0.0,0.0,0.012254490000000002,0.0,0.0,0.0,207.36,1
1593996295.3621652,26038,1574795817,247257947,navsat_link,2,1,40.66346588,-74.56447746666667,43.644,0.00876096,0.0,0.0,0.0,0.012254490000000002,0.0,0.0,0.0,207.36,1
1593996295.5625918,26039,1574795817,448319911,navsat_link,2,1,40.663464506666664,-74.564474655,43.668,0.00876096,0.0,0.0,0.0,0.012254490000000002,0.0,0.0,0.0,207.36,1
1593996295.768502,26040,1574795817,653858900,navsat_link,2,1,40.66346343,-74.56447284666666,43.599,0.00876096,0.0,0.0,0.0,0.012254490000000002,0.0,0.0,0.0,207.36,1
1593996295.956452,26041,1574795817,841778039,navsat_link,2,1,40.663461463333334,-74.56446977,43.672999999999995,0.008593289999999998,0.0,0.0,0.0,0.012254490000000002,0.0,0.0,0.0,207.36,1
1593996296.1772912,26042,1574795818,62699079,navsat_link,2,1,40.66345988166667,-74.56446768833334,43.573,0.00876096,0.0,0.0,0.0,0.012454560000000002,0.0,0.0,0.0,207.36,1
1593996296.3611557,26043,1574795818,246431112,navsat_link,2,1,40.66345802166666,-74.56446514166667,43.529,0.008593289999999998,0.0,0.0,0.0,0.012254490000000002,0.0,0.0,0.0,207.36,1
1593996296.5592995,26044,1574795818,444730043,navsat_link,2,1,40.66345611166667,-74.56446321833333,43.526,0.008593289999999998,0.0,0.0,0.0,0.012056039999999999,0.0,0.0,0.0,207.36,1
1593996296.762227,26045,1574795818,647372007,navsat_link,2,1,40.663454298333335,-74.56446087,43.49399999999999,0.008593289999999998,0.0,0.0,0.0,0.012056039999999999,0.0,0.0,0.0,207.36,1
1593996296.9656296,26046,1574795818,850929975,navsat_link,2,1,40.663452248333336,-74.56445834666667,43.461999999999996,0.008593289999999998,0.0,0.0,0.0,0.012056039999999999,0.0,0.0,0.0,207.36,1
1593996297.1740582,26047,1574795819,59479951,navsat_link,2,1,40.663450448333336,-74.56445651166666,43.439,0.008593289999999998,0.0,0.0,0.0,0.012056039999999999,0.0,0.0,0.0,207.36,1
1593996297.3688512,26048,1574795819,254103899,navsat_link,2,1,40.66344874833333,-74.56445454833333,43.38999999999999,0.008593289999999998,0.0,0.0,0.0,0.011859209999999999,0.0,0.0,0.0,207.36,1
1593996297.5615435,26049,1574795819,447079896,navsat_link,2,1,40.66344800833333,-74.564453435,43.309000000000005,0.008593289999999998,0.0,0.0,0.0,0.011859209999999999,0.0,0.0,0.0,207.36,1
1593996297.767236,26050,1574795819,652604103,navsat_link,2,1,40.66344735,-74.56445258166667,43.346,0.008427239999999999,0.0,0.0,0.0,0.011859209999999999,0.0,0.0,0.0,207.36,1
1593996297.9608233,26051,1574795819,846333980,navsat_link,2,1,40.663446578333335,-74.56445095666666,43.327999999999996,0.008427239999999999,0.0,0.0,0.0,0.011859209999999999,0.0,0.0,0.0,207.36,1
1593996298.1802258,26052,1574795820,65639019,navsat_link,2,1,40.663445556666666,-74.56444861666667,43.287,0.008427239999999999,0.0,0.0,0.0,0.011663999999999999,0.0,0.0,0.0,207.36,1
1593996298.3650339,26053,1574795820,250633001,navsat_link,2,1,40.663444453333334,-74.56444549333334,43.266,0.008427239999999999,0.0,0.0,0.0,0.011663999999999999,0.0,0.0,0.0,207.36,1
1593996298.5640616,26054,1574795820,449335098,navsat_link,2,1,40.66344324666667,-74.564442555,43.26199999999999,0.008427239999999999,0.0,0.0,0.0,0.011663999999999999,0.0,0.0,0.0,207.36,1
1593996298.7666578,26055,1574795820,652013063,navsat_link,2,1,40.663441911666666,-74.56443965333334,43.24699999999999,0.008427239999999999,0.0,0.0,0.0,0.01147041,0.0,0.0,0.0,207.36,1
1593996298.9716048,26056,1574795820,857199907,navsat_link,2,1,40.66344007833333,-74.56443694666666,43.258,0.008427239999999999,0.0,0.0,0.0,0.01147041,0.0,0.0,0.0,207.36,1
1593996299.1701636,26057,1574795821,55223941,navsat_link,2,1,40.66343871666667,-74.564434495,43.187000000000005,0.008262810000000002,0.0,0.0,0.0,0.01147041,0.0,0.0,0.0,207.36,1
1593996299.3703604,26058,1574795821,255702972,navsat_link,2,1,40.66343735833333,-74.56443208499999,43.124,0.008262810000000002,0.0,0.0,0.0,0.01147041,0.0,0.0,0.0,207.36,1
1593996299.573831,26059,1574795821,458775997,navsat_link,2,1,40.66343573666666,-74.56442949333334,43.124,0.008262810000000002,0.0,0.0,0.0,0.01127844,0.0,0.0,0.0,207.36,1
1593996299.7791238,26060,1574795821,660672903,navsat_link,2,1,40.663433965,-74.564427075,43.089999999999996,0.008262810000000002,0.0,0.0,0.0,0.01127844,0.0,0.0,0.0,207.36,1
1593996299.9693472,26061,1574795821,852526903,navsat_link,2,1,40.66343222,-74.56442539666666,43.050000000000004,0.008262810000000002,0.0,0.0,0.0,0.01127844,0.0,0.0,0.0,207.36,1
1593996300.1903462,26062,1574795822,75329065,navsat_link,2,1,40.66342981,-74.56442350333333,43.068000000000005,0.008262810000000002,0.0,0.0,0.0,0.01127844,0.0,0.0,0.0,207.36,1
1593996300.376379,26063,1574795822,260796070,navsat_link,2,1,40.66342736166666,-74.56442183166666,43.049,0.008100000000000001,0.0,0.0,0.0,0.011088090000000002,0.0,0.0,0.0,207.36,1
1593996300.5731149,26064,1574795822,457602024,navsat_link,2,1,40.663425266666664,-74.56442018333334,42.995,0.008100000000000001,0.0,0.0,0.0,0.011088090000000002,0.0,0.0,0.0,207.36,1
1593996300.7709036,26065,1574795822,655957937,navsat_link,2,1,40.66342369833333,-74.564419075,42.954,0.008100000000000001,0.0,0.0,0.0,0.011088090000000002,0.0,0.0,0.0,207.36,1
1593996300.9724126,26066,1574795822,857583999,navsat_link,2,1,40.663422395,-74.564418305,42.993,0.008100000000000001,0.0,0.0,0.0,0.011088090000000002,0.0,0.0,0.0,207.36,1
1593996301.1658525,26067,1574795823,50594091,navsat_link,2,1,40.66342141333333,-74.56441714333333,42.963,0.008100000000000001,0.0,0.0,0.0,0.011088090000000002,0.0,0.0,0.0,207.36,1
1593996301.3743732,26068,1574795823,259043931,navsat_link,2,1,40.66342005,-74.56441494166667,42.98199999999999,0.008100000000000001,0.0,0.0,0.0,0.010899360000000002,0.0,0.0,0.0,207.36,1
1593996301.570324,26069,1574795823,455235958,navsat_link,2,1,40.663418363333335,-74.564412405,42.934000000000005,0.008100000000000001,0.0,0.0,0.0,0.010899360000000002,0.0,0.0,0.0,207.36,1
1593996301.775819,26070,1574795823,660981893,navsat_link,2,1,40.66341689,-74.56441106666666,42.913000000000004,0.007938810000000003,0.0,0.0,0.0,0.010899360000000002,0.0,0.0,0.0,207.36,1
1593996301.9748619,26071,1574795823,855593919,navsat_link,2,1,40.66341567333333,-74.564408345,42.87499999999999,0.007938810000000003,0.0,0.0,0.0,0.010899360000000002,0.0,0.0,0.0,207.36,1
1593996302.1768312,26072,1574795824,61846971,navsat_link,2,1,40.66341448166666,-74.56440556,42.861,0.007938810000000003,0.0,0.0,0.0,0.010899360000000002,0.0,0.0,0.0,207.36,1
1593996302.3783066,26073,1574795824,263411998,navsat_link,2,1,40.66341321833333,-74.56440258333333,42.85,0.007938810000000003,0.0,0.0,0.0,0.010899360000000002,0.0,0.0,0.0,207.36,1
1593996302.5778863,26074,1574795824,462969064,navsat_link,2,1,40.66341183,-74.56440005666667,42.867,0.007938810000000003,0.0,0.0,0.0,0.010712250000000001,0.0,0.0,0.0,207.36,1
1593996302.7704906,26075,1574795824,655029058,navsat_link,2,1,40.66341093166667,-74.564396895,42.821999999999996,0.007938810000000003,0.0,0.0,0.0,0.010712250000000001,0.0,0.0,0.0,207.36,1
1593996302.975614,26076,1574795824,860753059,navsat_link,2,1,40.66340984,-74.56439405166667,42.788999999999994,0.007938810000000003,0.0,0.0,0.0,0.010712250000000001,0.0,0.0,0.0,207.36,1
1593996303.172299,26077,1574795825,57085990,navsat_link,2,1,40.66340873833333,-74.56439102166667,42.75599999999999,0.007938810000000003,0.0,0.0,0.0,0.010712250000000001,0.0,0.0,0.0,207.36,1
1593996303.3793514,26078,1574795825,264092922,navsat_link,2,1,40.663407453333335,-74.564388465,42.77,0.007938810000000003,0.0,0.0,0.0,0.010526760000000001,0.0,0.0,0.0,207.36,1
1593996303.5766253,26079,1574795825,461558103,navsat_link,2,1,40.663406118333334,-74.56438546333334,42.728,0.00777924,0.0,0.0,0.0,0.010526760000000001,0.0,0.0,0.0,207.36,1
1593996303.7712243,26080,1574795825,656100034,navsat_link,2,1,40.663404955,-74.56438272333334,42.724,0.00777924,0.0,0.0,0.0,0.010526760000000001,0.0,0.0,0.0,207.36,1
1593996303.9726787,26081,1574795825,857585906,navsat_link,2,1,40.66340379,-74.56437987,42.683,0.00777924,0.0,0.0,0.0,0.010526760000000001,0.0,0.0,0.0,207.36,1
1593996304.1685078,26082,1574795826,53286075,navsat_link,2,1,40.663402866666665,-74.56437845833334,42.674,0.00777924,0.0,0.0,0.0,0.010526760000000001,0.0,0.0,0.0,207.36,1
1593996304.3845553,26083,1574795826,269646883,navsat_link,2,1,40.663400933333335,-74.56437603833334,42.696999999999996,0.00777924,0.0,0.0,0.0,0.010526760000000001,0.0,0.0,0.0,207.36,1
1593996304.575074,26084,1574795826,459934949,navsat_link,2,1,40.66339930833333,-74.56437360333334,42.617,0.00777924,0.0,0.0,0.0,0.010526760000000001,0.0,0.0,0.0,207.36,1
1593996304.76874,26085,1574795826,653394937,navsat_link,2,1,40.66339712333333,-74.56437159333333,42.626,0.00777924,0.0,0.0,0.0,0.01034289,0.0,0.0,0.0,207.36,1
1593996304.9743423,26086,1574795826,859253883,navsat_link,2,1,40.663395215,-74.56436965666667,42.626,0.00777924,0.0,0.0,0.0,0.01034289,0.0,0.0,0.0,207.36,1
1593996305.16963,26087,1574795827,54229974,navsat_link,2,1,40.663393338333336,-74.56436764333333,42.562000000000005,0.00777924,0.0,0.0,0.0,0.01034289,0.0,0.0,0.0,207.36,1
1593996305.3859892,26088,1574795827,270622014,navsat_link,2,1,40.663391095,-74.564365985,42.562999999999995,0.00777924,0.0,0.0,0.0,0.01034289,0.0,0.0,0.0,207.36,1
1593996305.5684412,26089,1574795827,453267097,navsat_link,2,1,40.663388991666665,-74.564364085,42.550000000000004,0.00762129,0.0,0.0,0.0,0.01034289,0.0,0.0,0.0,207.36,1
1593996305.7674725,26090,1574795827,652815103,navsat_link,2,1,40.66338733333333,-74.56436254833334,42.486,0.00762129,0.0,0.0,0.0,0.01034289,0.0,0.0,0.0,207.36,1
1593996305.9698339,26091,1574795827,855436086,navsat_link,2,1,40.663385778333335,-74.56436077,42.464000000000006,0.00762129,0.0,0.0,0.0,0.01034289,0.0,0.0,0.0,207.36,1
1593996306.1730533,26092,1574795828,58424949,navsat_link,2,1,40.66338427833333,-74.56435884666666,42.492,0.00762129,0.0,0.0,0.0,0.01016064,0.0,0.0,0.0,207.36,1
1593996306.3982139,26093,1574795828,283390045,navsat_link,2,1,40.66338298666667,-74.56435696333334,42.474,0.00762129,0.0,0.0,0.0,0.01016064,0.0,0.0,0.0,207.36,1
1593996306.5717275,26094,1574795828,457087039,navsat_link,2,1,40.663382015,-74.56435492833333,42.452000000000005,0.00762129,0.0,0.0,0.0,0.01016064,0.0,0.0,0.0,207.36,1
1593996306.779605,26095,1574795828,664944887,navsat_link,2,1,40.663380401666664,-74.56435173333334,42.49,0.00762129,0.0,0.0,0.0,0.01016064,0.0,0.0,0.0,207.36,1
1593996306.9734461,26096,1574795828,858994007,navsat_link,2,1,40.663379281666664,-74.56434899999999,42.409,0.00762129,0.0,0.0,0.0,0.01034289,0.0,0.0,0.0,207.36,1
1593996307.170274,26097,1574795829,55766105,navsat_link,2,1,40.66337779166667,-74.56434633666667,42.362,0.00762129,0.0,0.0,0.0,0.009980010000000001,0.0,0.0,0.0,207.36,1
1593996307.3797023,26098,1574795829,265367031,navsat_link,2,1,40.6633766,-74.56434362666667,42.358,0.0074649600000000005,0.0,0.0,0.0,0.009980010000000001,0.0,0.0,0.0,207.36,1
1593996307.571542,26099,1574795829,456912040,navsat_link,2,1,40.66337534666667,-74.564341175,42.383,0.0074649600000000005,0.0,0.0,0.0,0.009980010000000001,0.0,0.0,0.0,207.36,1
1593996307.7683575,26100,1574795829,653678894,navsat_link,2,1,40.66337386166666,-74.56433865166667,42.35999999999999,0.0074649600000000005,0.0,0.0,0.0,0.009980010000000001,0.0,0.0,0.0,207.36,1
1593996307.9739044,26101,1574795829,859489917,navsat_link,2,1,40.663372493333334,-74.564335765,42.303999999999995,0.0074649600000000005,0.0,0.0,0.0,0.009980010000000001,0.0,0.0,0.0,207.36,1
1593996308.1815822,26102,1574795830,66766977,navsat_link,2,1,40.663371035,-74.56433333833333,42.311,0.0074649600000000005,0.0,0.0,0.0,0.009980010000000001,0.0,0.0,0.0,207.36,1
1593996308.3859913,26103,1574795830,271151065,navsat_link,2,1,40.66336957833333,-74.564330725,42.299,0.0074649600000000005,0.0,0.0,0.0,0.009801,0.0,0.0,0.0,207.36,1
1593996308.5744781,26104,1574795830,459659099,navsat_link,2,1,40.663368105,-74.564327665,42.285999999999994,0.0074649600000000005,0.0,0.0,0.0,0.009801,0.0,0.0,0.0,207.36,1
1593996308.7680311,26105,1574795830,653660058,navsat_link,2,1,40.66336646833334,-74.56432492166667,42.291999999999994,0.0074649600000000005,0.0,0.0,0.0,0.009801,0.0,0.0,0.0,207.36,1
1593996308.9789999,26106,1574795830,863888978,navsat_link,2,1,40.66336468666667,-74.56432275333333,42.251,0.0074649600000000005,0.0,0.0,0.0,0.009801,0.0,0.0,0.0,207.36,1
1593996309.1591802,26107,1574795831,44656038,navsat_link,2,1,40.66336308666666,-74.56432044666667,42.23499999999999,0.0074649600000000005,0.0,0.0,0.0,0.009801,0.0,0.0,0.0,207.36,1
1593996309.3660104,26108,1574795831,250984907,navsat_link,2,1,40.66336178666667,-74.56431844,42.214000000000006,0.0074649600000000005,0.0,0.0,0.0,0.009801,0.0,0.0,0.0,207.36,1
1593996309.5697536,26109,1574795831,455429077,navsat_link,2,1,40.663360465,-74.56431696666667,42.214999999999996,0.007310250000000001,0.0,0.0,0.0,0.009801,0.0,0.0,0.0,207.36,1
1593996309.7716987,26110,1574795831,657181978,navsat_link,2,1,40.663358825,-74.56431560833333,42.217000000000006,0.007310250000000001,0.0,0.0,0.0,0.009801,0.0,0.0,0.0,207.36,1
1593996309.9680054,26111,1574795831,853503942,navsat_link,2,1,40.66335742,-74.56431469333333,42.145,0.007310250000000001,0.0,0.0,0.0,0.009623610000000001,0.0,0.0,0.0,207.36,1
1593996310.1720848,26112,1574795832,57565927,navsat_link,2,1,40.66335521333333,-74.564313475,42.145999999999994,0.007310250000000001,0.0,0.0,0.0,0.009623610000000001,0.0,0.0,0.0,207.36,1
1593996310.3669422,26113,1574795832,252449989,navsat_link,2,1,40.66335315333333,-74.56431206166667,42.15,0.007310250000000001,0.0,0.0,0.0,0.009623610000000001,0.0,0.0,0.0,207.36,1
1593996310.5729015,26114,1574795832,458312988,navsat_link,2,1,40.663351043333336,-74.56431048166667,42.234,0.007310250000000001,0.0,0.0,0.0,0.009623610000000001,0.0,0.0,0.0,207.36,1
1593996310.766684,26115,1574795832,652040958,navsat_link,2,1,40.66334954333333,-74.56430936166667,42.159,0.007310250000000001,0.0,0.0,0.0,0.009623610000000001,0.0,0.0,0.0,207.36,1
1593996310.9716523,26116,1574795832,857063055,navsat_link,2,1,40.66334816166667,-74.56430758833334,42.083999999999996,0.007310250000000001,0.0,0.0,0.0,0.009623610000000001,0.0,0.0,0.0,207.36,1
1593996311.1675544,26117,1574795833,52687883,navsat_link,2,1,40.66334645,-74.5643054,42.10999999999999,0.007310250000000001,0.0,0.0,0.0,0.009447839999999999,0.0,0.0,0.0,207.36,1
1593996311.3710568,26118,1574795833,256649017,navsat_link,2,1,40.66334480333333,-74.56430314,42.097,0.007310250000000001,0.0,0.0,0.0,0.009447839999999999,0.0,0.0,0.0,207.36,1
1593996311.5763104,26119,1574795833,460850000,navsat_link,2,1,40.66334299333333,-74.56430099333333,42.056000000000004,0.007310250000000001,0.0,0.0,0.0,0.009447839999999999,0.0,0.0,0.0,207.36,1
1593996311.7673833,26120,1574795833,652420997,navsat_link,2,1,40.66334133833333,-74.564298755,42.074000000000005,0.007157160000000002,0.0,0.0,0.0,0.009447839999999999,0.0,0.0,0.0,207.36,1
1593996311.9746528,26121,1574795833,860017061,navsat_link,2,1,40.663339623333336,-74.56429677333334,42.085,0.007157160000000002,0.0,0.0,0.0,0.009447839999999999,0.0,0.0,0.0,207.36,1
1593996312.173116,26122,1574795834,57780981,navsat_link,2,1,40.66333788666667,-74.56429426,42.076,0.007157160000000002,0.0,0.0,0.0,0.009447839999999999,0.0,0.0,0.0,207.36,1
1593996312.3678858,26123,1574795834,252842903,navsat_link,2,1,40.663336378333334,-74.56429226333333,42.031,0.007157160000000002,0.0,0.0,0.0,0.00927369,0.0,0.0,0.0,207.36,1
1593996312.5715318,26124,1574795834,456548929,navsat_link,2,1,40.663334903333336,-74.564290655,42.089000000000006,0.007157160000000002,0.0,0.0,0.0,0.00927369,0.0,0.0,0.0,207.36,1
1593996312.766846,26125,1574795834,651458024,navsat_link,2,1,40.663333045,-74.56428827666667,42.214999999999996,0.007157160000000002,0.0,0.0,0.0,0.00927369,0.0,0.0,0.0,207.36,1
1593996312.9700396,26126,1574795834,854695081,navsat_link,2,1,40.66333213666667,-74.56428573333334,42.049,0.007157160000000002,0.0,0.0,0.0,0.009801,0.0,0.0,0.0,207.36,1
1593996313.1626594,26127,1574795835,47178030,navsat_link,2,1,40.663331095,-74.56428277166667,42.050999999999995,0.007157160000000002,0.0,0.0,0.0,0.00927369,0.0,0.0,0.0,207.36,1
1593996313.3651464,26128,1574795835,249984979,navsat_link,2,1,40.66332955166666,-74.56428004166666,42.144,0.007157160000000002,0.0,0.0,0.0,0.009980010000000001,0.0,0.0,0.0,207.36,1
1593996313.5727777,26129,1574795835,457685947,navsat_link,2,1,40.663328085,-74.56427745166667,42.112,0.007157160000000002,0.0,0.0,0.0,0.009623610000000001,0.0,0.0,0.0,207.36,1
1593996313.7666075,26130,1574795835,651514053,navsat_link,2,1,40.663326956666666,-74.56427547833333,42.099,0.007157160000000002,0.0,0.0,0.0,0.009623610000000001,0.0,0.0,0.0,207.36,1
1593996313.9697633,26131,1574795835,854670047,navsat_link,2,1,40.66332584166667,-74.56427477833333,42.189,0.007157160000000002,0.0,0.0,0.0,0.009623610000000001,0.0,0.0,0.0,207.36,1
1593996314.1718132,26132,1574795836,56845903,navsat_link,2,1,40.66332426,-74.564273045,42.23499999999999,0.007005689999999999,0.0,0.0,0.0,0.009623610000000001,0.0,0.0,0.0,207.36,1
1593996314.3718848,26133,1574795836,256829977,navsat_link,2,1,40.66332249,-74.56427100166667,42.207,0.007157160000000002,0.0,0.0,0.0,0.009447839999999999,0.0,0.0,0.0,207.36,1
1593996314.587774,26134,1574795836,473215103,navsat_link,2,1,40.663320363333334,-74.56426945666666,42.171,0.007005689999999999,0.0,0.0,0.0,0.00927369,0.0,0.0,0.0,207.36,1
1593996314.7658384,26135,1574795836,650886058,navsat_link,2,1,40.663318198333336,-74.56426751,42.10099999999999,0.007005689999999999,0.0,0.0,0.0,0.00927369,0.0,0.0,0.0,207.36,1
1593996314.9692738,26136,1574795836,854269027,navsat_link,2,1,40.66331645166667,-74.56426558833333,42.047999999999995,0.007005689999999999,0.0,0.0,0.0,0.00927369,0.0,0.0,0.0,207.36,1
1593996315.171856,26137,1574795837,56973934,navsat_link,2,1,40.663314165,-74.56426418166667,42.035000000000004,0.007157160000000002,0.0,0.0,0.0,0.00927369,0.0,0.0,0.0,207.36,1
1593996315.3736746,26138,1574795837,258532047,navsat_link,2,1,40.663312518333335,-74.564262525,41.580999999999996,0.007157160000000002,0.0,0.0,0.0,0.00927369,0.0,0.0,0.0,0.005184000000000001,1
1593996315.577024,26139,1574795837,462704896,navsat_link,2,1,40.663310105,-74.56426092166667,41.644,0.00013689,0.0,0.0,0.0,0.00020736000000000005,0.0,0.0,0.0,0.005184000000000001,1
1593996315.7697585,26140,1574795837,655152082,navsat_link,2,1,40.663308125,-74.56425901666667,41.653,0.00020736000000000005,0.0,0.0,0.0,0.00020736000000000005,0.0,0.0,0.0,0.005184000000000001,1
1593996315.9716818,26141,1574795837,857352972,navsat_link,2,1,40.66330626,-74.56425719166667,41.641,0.00020736000000000005,0.0,0.0,0.0,0.00020736000000000005,0.0,0.0,0.0,0.005184000000000001,1
1593996316.17714,26142,1574795838,62592029,navsat_link,2,1,40.663304425,-74.56425522166667,41.586999999999996,0.00015876,0.0,0.0,0.0,0.00018224999999999998,0.0,0.0,0.0,0.005184000000000001,1
1593996316.3845706,26143,1574795838,268964052,navsat_link,2,1,40.663301483333335,-74.56425437166666,42.038000000000004,0.00013689,0.0,0.0,0.0,0.00018224999999999998,0.0,0.0,0.0,207.36,1
1593996316.5648384,26144,1574795838,450370073,navsat_link,2,1,40.66330131,-74.564252415,41.589000000000006,0.007005689999999999,0.0,0.0,0.0,0.00910116,0.0,0.0,0.0,0.005184000000000001,1
1593996316.766705,26145,1574795838,651778936,navsat_link,2,1,40.66330056166667,-74.56425186833333,41.596,0.00015876,0.0,0.0,0.0,0.00015876,0.0,0.0,0.0,0.005184000000000001,1
1593996316.9583132,26146,1574795838,843791961,navsat_link,2,1,40.66329988,-74.5642501,41.567,0.00011664000000000001,0.0,0.0,0.0,0.00013689,0.0,0.0,0.0,0.005184000000000001,1
1593996317.1636431,26147,1574795839,49230098,navsat_link,2,1,40.663298805,-74.564247655,41.589000000000006,9.800999999999998e-05,0.0,0.0,0.0,0.00013689,0.0,0.0,0.0,0.005184000000000001,1
1593996317.370742,26148,1574795839,256378889,navsat_link,2,1,40.663297066666665,-74.564245395,41.588,9.800999999999998e-05,0.0,0.0,0.0,0.00011664000000000001,0.0,0.0,0.0,0.005184000000000001,1
1593996317.6130006,26149,1574795839,498033046,navsat_link,2,1,40.66329561,-74.56424275166667,41.648,9.800999999999998e-05,0.0,0.0,0.0,0.00011664000000000001,0.0,0.0,0.0,0.005184000000000001,1
1593996317.7705624,26150,1574795839,655791997,navsat_link,2,1,40.66329406333333,-74.56423994,41.638,9.800999999999998e-05,0.0,0.0,0.0,0.00011664000000000001,0.0,0.0,0.0,0.005184000000000001,1
1593996317.966623,26151,1574795839,851898908,navsat_link,2,1,40.66329244333333,-74.56423771666667,41.642,8.100000000000002e-05,0.0,0.0,0.0,0.00011664000000000001,0.0,0.0,0.0,0.005184000000000001,1
1593996318.1762226,26152,1574795840,61695098,navsat_link,2,1,40.663290265,-74.56423609,42.049,8.100000000000002e-05,0.0,0.0,0.0,0.00011664000000000001,0.0,0.0,0.0,207.36,1
1593996318.3735564,26153,1574795840,258935928,navsat_link,2,1,40.663289236666664,-74.56423378166667,41.61299999999999,0.00685584,0.0,0.0,0.0,0.00876096,0.0,0.0,0.0,0.005184000000000001,1
1593996318.5650768,26154,1574795840,450525045,navsat_link,2,1,40.66328676,-74.56423220166667,42.077999999999996,8.100000000000002e-05,0.0,0.0,0.0,0.00011664000000000001,0.0,0.0,0.0,207.36,1
1593996318.7631335,26155,1574795840,648756980,navsat_link,2,1,40.66328500833333,-74.5642301,42.097,0.00685584,0.0,0.0,0.0,0.00876096,0.0,0.0,0.0,207.36,1
1593996318.9531288,26156,1574795840,838680028,navsat_link,2,1,40.66328341333333,-74.56422798333334,42.083000000000006,0.00685584,0.0,0.0,0.0,0.00876096,0.0,0.0,0.0,207.36,1
1593996319.1652243,26157,1574795841,50744056,navsat_link,2,1,40.66328211,-74.56422581833333,41.725,0.008464,0.0,0.0,0.0,0.010816,0.0,0.0,0.0,0.0064,1
1593996319.3739893,26158,1574795841,259167909,navsat_link,2,1,40.66327996333333,-74.56422400833333,41.793,8.100000000000002e-05,0.0,0.0,0.0,9.800999999999998e-05,0.0,0.0,0.0,0.005184000000000001,1
1593996319.5695965,26159,1574795841,454731941,navsat_link,2,1,40.66327845833333,-74.564221785,41.802,6.560999999999999e-05,0.0,0.0,0.0,9.800999999999998e-05,0.0,0.0,0.0,0.005184000000000001,1
1593996319.7603562,26160,1574795841,645898103,navsat_link,2,1,40.66327629,-74.56421976166666,42.228,6.560999999999999e-05,0.0,0.0,0.0,9.800999999999998e-05,0.0,0.0,0.0,207.36,1
1593996319.9627993,26161,1574795841,848366975,navsat_link,2,1,40.663274908333335,-74.56421778,41.812000000000005,0.00670761,0.0,0.0,0.0,0.00876096,0.0,0.0,0.0,0.005184000000000001,1
1593996320.1674776,26162,1574795842,53045988,navsat_link,2,1,40.663272915,-74.56421589833333,41.913000000000004,9.800999999999998e-05,0.0,0.0,0.0,0.00011664000000000001,0.0,0.0,0.0,0.005184000000000001,1
1593996320.3664663,26163,1574795842,251692056,navsat_link,2,1,40.66327086,-74.56421303666667,42.356,8.100000000000002e-05,0.0,0.0,0.0,0.00011664000000000001,0.0,0.0,0.0,207.36,1
1593996320.5695207,26164,1574795842,455161094,navsat_link,2,1,40.663268915,-74.564210705,42.368,0.00685584,0.0,0.0,0.0,0.00876096,0.0,0.0,0.0,207.36,1
1593996320.7623096,26165,1574795842,647564888,navsat_link,2,1,40.663267108333336,-74.56420884833334,42.342999999999996,0.00670761,0.0,0.0,0.0,0.008593289999999998,0.0,0.0,0.0,207.36,1
1593996320.9626224,26166,1574795842,848021984,navsat_link,2,1,40.66326540833333,-74.56420705833334,42.437000000000005,0.00670761,0.0,0.0,0.0,0.008593289999999998,0.0,0.0,0.0,207.36,1
1593996321.1657293,26167,1574795843,50721883,navsat_link,2,1,40.66326316166667,-74.56420519666666,42.448,0.00670761,0.0,0.0,0.0,0.008593289999999998,0.0,0.0,0.0,207.36,1
1593996321.372933,26168,1574795843,258408069,navsat_link,2,1,40.66326130666667,-74.56420339166667,42.373,0.00670761,0.0,0.0,0.0,0.008593289999999998,0.0,0.0,0.0,207.36,1
1593996321.561083,26169,1574795843,446249008,navsat_link,2,1,40.663259026666665,-74.564201635,42.364,0.00670761,0.0,0.0,0.0,0.008593289999999998,0.0,0.0,0.0,207.36,1
1593996321.7619007,26170,1574795843,647228002,navsat_link,2,1,40.66325723,-74.56419966833333,42.419000000000004,0.00685584,0.0,0.0,0.0,0.008593289999999998,0.0,0.0,0.0,207.36,1
1593996321.9601367,26171,1574795843,844964027,navsat_link,2,1,40.66325520833333,-74.564197885,42.407000000000004,0.00670761,0.0,0.0,0.0,0.008593289999999998,0.0,0.0,0.0,207.36,1
1593996322.1662633,26172,1574795844,51722049,navsat_link,2,1,40.6632533,-74.56419590166666,42.371,0.00685584,0.0,0.0,0.0,0.008593289999999998,0.0,0.0,0.0,207.36,1
1593996322.3780186,26173,1574795844,263396024,navsat_link,2,1,40.663251655,-74.56419342,42.35999999999999,0.00893025,0.0,0.0,0.0,0.00927369,0.0,0.0,0.0,207.36,1
1593996322.5695314,26174,1574795844,455046892,navsat_link,2,1,40.66324978,-74.56419127166667,42.424,0.00777924,0.0,0.0,0.0,0.009447839999999999,0.0,0.0,0.0,207.36,1
1593996322.7642589,26175,1574795844,648802995,navsat_link,2,1,40.663248235,-74.56418918833333,42.36599999999999,0.00762129,0.0,0.0,0.0,0.00910116,0.0,0.0,0.0,207.36,1
1593996322.9673629,26176,1574795844,852874040,navsat_link,2,1,40.663246216666664,-74.56418708833333,42.442,0.0074649600000000005,0.0,0.0,0.0,0.00893025,0.0,0.0,0.0,207.36,1
1593996323.1697547,26177,1574795845,54419040,navsat_link,2,1,40.663244553333335,-74.56418505833334,42.404,0.0074649600000000005,0.0,0.0,0.0,0.00893025,0.0,0.0,0.0,207.36,1
1593996323.3722537,26178,1574795845,257719993,navsat_link,2,1,40.66324281666667,-74.56418264833333,42.421,0.0074649600000000005,0.0,0.0,0.0,0.00876096,0.0,0.0,0.0,207.36,1
1593996323.575034,26179,1574795845,459959983,navsat_link,2,1,40.66324109666667,-74.56418037833333,42.470000000000006,0.0074649600000000005,0.0,0.0,0.0,0.00876096,0.0,0.0,0.0,207.36,1
1593996323.778664,26180,1574795845,662758111,navsat_link,2,1,40.66323928333333,-74.56417828666666,42.422000000000004,0.007310250000000001,0.0,0.0,0.0,0.00876096,0.0,0.0,0.0,207.36,1
1593996323.9667406,26181,1574795845,851937055,navsat_link,2,1,40.663237638333335,-74.564175805,42.424,0.007310250000000001,0.0,0.0,0.0,0.008593289999999998,0.0,0.0,0.0,207.36,1
1593996324.1687195,26182,1574795846,53631067,navsat_link,2,1,40.663236196666666,-74.56417315666667,42.443000000000005,0.007310250000000001,0.0,0.0,0.0,0.008593289999999998,0.0,0.0,0.0,207.36,1
1593996324.3815389,26183,1574795846,266820907,navsat_link,2,1,40.66323458833333,-74.564170705,42.446000000000005,0.007310250000000001,0.0,0.0,0.0,0.008593289999999998,0.0,0.0,0.0,207.36,1
1593996324.5621939,26184,1574795846,447165966,navsat_link,2,1,40.663233235,-74.56416815833333,42.452999999999996,0.007310250000000001,0.0,0.0,0.0,0.008593289999999998,0.0,0.0,0.0,207.36,1
1593996324.7829971,26185,1574795846,667481899,navsat_link,2,1,40.663231855,-74.56416567333333,42.425999999999995,0.007157160000000002,0.0,0.0,0.0,0.008593289999999998,0.0,0.0,0.0,207.36,1
1593996324.9660258,26186,1574795846,851402044,navsat_link,2,1,40.66323035333333,-74.564162885,42.395999999999994,0.007157160000000002,0.0,0.0,0.0,0.008427239999999999,0.0,0.0,0.0,207.36,1
1593996325.1668992,26187,1574795847,52192926,navsat_link,2,1,40.663228798333336,-74.56416021,42.452000000000005,0.007157160000000002,0.0,0.0,0.0,0.008427239999999999,0.0,0.0,0.0,207.36,1
1593996325.38232,26188,1574795847,267179012,navsat_link,2,1,40.66322718166667,-74.56415808333334,42.461999999999996,0.007157160000000002,0.0,0.0,0.0,0.008427239999999999,0.0,0.0,0.0,207.36,1
1593996325.5624604,26189,1574795847,447575092,navsat_link,2,1,40.66322552333333,-74.564155485,42.495,0.007157160000000002,0.0,0.0,0.0,0.008427239999999999,0.0,0.0,0.0,207.36,1
1593996325.7717888,26190,1574795847,656914949,navsat_link,2,1,40.66322375166666,-74.56415304833334,42.440000000000005,0.007157160000000002,0.0,0.0,0.0,0.008427239999999999,0.0,0.0,0.0,207.36,1
1593996325.9713457,26191,1574795847,856580972,navsat_link,2,1,40.663222078333334,-74.56415097166666,42.412,0.007157160000000002,0.0,0.0,0.0,0.008427239999999999,0.0,0.0,0.0,207.36,1
1593996326.16681,26192,1574795848,52171945,navsat_link,2,1,40.66322040166666,-74.56414852,42.391,0.007157160000000002,0.0,0.0,0.0,0.008262810000000002,0.0,0.0,0.0,207.36,1
1593996326.3838458,26193,1574795848,268678903,navsat_link,2,1,40.663218828333335,-74.56414606166666,42.391,0.007157160000000002,0.0,0.0,0.0,0.008262810000000002,0.0,0.0,0.0,207.36,1
1593996326.5572968,26194,1574795848,442724943,navsat_link,2,1,40.663217075,-74.56414388833333,42.439,0.007005689999999999,0.0,0.0,0.0,0.008262810000000002,0.0,0.0,0.0,207.36,1
1593996326.7810876,26195,1574795848,666001081,navsat_link,2,1,40.663215295,-74.56414163166667,42.406,0.007005689999999999,0.0,0.0,0.0,0.008262810000000002,0.0,0.0,0.0,207.36,1
1593996326.9603012,26196,1574795848,845575094,navsat_link,2,1,40.66321359,-74.56413944833334,42.371,0.007005689999999999,0.0,0.0,0.0,0.008262810000000002,0.0,0.0,0.0,207.36,1
1593996327.1751733,26197,1574795849,59865951,navsat_link,2,1,40.66321156,-74.56413735666666,42.336999999999996,0.007005689999999999,0.0,0.0,0.0,0.008262810000000002,0.0,0.0,0.0,207.36,1
1593996327.3723016,26198,1574795849,257318019,navsat_link,2,1,40.663209673333334,-74.56413571333333,42.397,0.007005689999999999,0.0,0.0,0.0,0.008262810000000002,0.0,0.0,0.0,207.36,1
1593996327.5595376,26199,1574795849,444869041,navsat_link,2,1,40.663207723333336,-74.56413374166667,42.36899999999999,0.007005689999999999,0.0,0.0,0.0,0.008262810000000002,0.0,0.0,0.0,207.36,1
1593996327.776925,26200,1574795849,661700010,navsat_link,2,1,40.663205956666665,-74.564131855,42.362,0.007005689999999999,0.0,0.0,0.0,0.008100000000000001,0.0,0.0,0.0,207.36,1
1593996327.955364,26201,1574795849,840879917,navsat_link,2,1,40.66320420666667,-74.56412956166666,42.377,0.007005689999999999,0.0,0.0,0.0,0.008100000000000001,0.0,0.0,0.0,207.36,1
1593996328.1679525,26202,1574795850,53312063,navsat_link,2,1,40.66320240666667,-74.56412744,42.38,0.00685584,0.0,0.0,0.0,0.008100000000000001,0.0,0.0,0.0,207.36,1
1593996328.3703425,26203,1574795850,255265951,navsat_link,2,1,40.66320057666667,-74.56412527833334,42.404,0.00685584,0.0,0.0,0.0,0.008100000000000001,0.0,0.0,0.0,207.36,1
1593996328.5639524,26204,1574795850,449358940,navsat_link,2,1,40.663198873333336,-74.56412323833334,42.329,0.00685584,0.0,0.0,0.0,0.008100000000000001,0.0,0.0,0.0,207.36,1
1593996328.7688332,26205,1574795850,647402048,navsat_link,2,1,40.663196991666666,-74.56412113333333,42.294999999999995,0.007005689999999999,0.0,0.0,0.0,0.008100000000000001,0.0,0.0,0.0,207.36,1
1593996328.9634583,26206,1574795850,848409891,navsat_link,2,1,40.66319527,-74.56411860666667,42.349,0.007005689999999999,0.0,0.0,0.0,0.008100000000000001,0.0,0.0,0.0,207.36,1
1593996329.1613643,26207,1574795851,46895980,navsat_link,2,1,40.663193995,-74.56411726,42.336999999999996,0.00685584,0.0,0.0,0.0,0.007938810000000003,0.0,0.0,0.0,207.36,1
1593996329.3677156,26208,1574795851,252214908,navsat_link,2,1,40.663192548333335,-74.564114735,42.333000000000006,0.00685584,0.0,0.0,0.0,0.007938810000000003,0.0,0.0,0.0,207.36,1
1593996329.5649228,26209,1574795851,450148105,navsat_link,2,1,40.66319103166666,-74.56411216833334,42.321999999999996,0.00685584,0.0,0.0,0.0,0.007938810000000003,0.0,0.0,0.0,207.36,1
1593996329.752252,26210,1574795851,637649059,navsat_link,2,1,40.66318960833333,-74.56410964666667,42.315000000000005,0.00685584,0.0,0.0,0.0,0.007938810000000003,0.0,0.0,0.0,207.36,1
1593996329.9647176,26211,1574795851,850256919,navsat_link,2,1,40.66318828666667,-74.564107435,42.299,0.00685584,0.0,0.0,0.0,0.007938810000000003,0.0,0.0,0.0,207.36,1
1593996330.1585734,26212,1574795852,44127941,navsat_link,2,1,40.66318664666667,-74.564105405,42.321000000000005,0.00685584,0.0,0.0,0.0,0.007938810000000003,0.0,0.0,0.0,207.36,1
1593996330.3583477,26213,1574795852,243741989,navsat_link,2,1,40.66318518333333,-74.56410339833333,42.311,0.00685584,0.0,0.0,0.0,0.007938810000000003,0.0,0.0,0.0,207.36,1
1593996330.559974,26214,1574795852,445244073,navsat_link,2,1,40.66318321666667,-74.56410124833333,42.306000000000004,0.00685584,0.0,0.0,0.0,0.00777924,0.0,0.0,0.0,207.36,1
1593996330.756093,26215,1574795852,641657114,navsat_link,2,1,40.66318149,-74.56409996333333,42.266,0.00670761,0.0,0.0,0.0,0.00777924,0.0,0.0,0.0,207.36,1
1593996330.9642186,26216,1574795852,849776029,navsat_link,2,1,40.66318054,-74.56409873166666,42.249,0.00670761,0.0,0.0,0.0,0.00777924,0.0,0.0,0.0,207.36,1
1593996331.1718853,26217,1574795853,56684970,navsat_link,2,1,40.663179585,-74.56409716,42.225,0.00670761,0.0,0.0,0.0,0.00777924,0.0,0.0,0.0,207.36,1
1593996331.3652954,26218,1574795853,250767946,navsat_link,2,1,40.66317838333333,-74.56409450333334,42.219,0.00670761,0.0,0.0,0.0,0.00777924,0.0,0.0,0.0,207.36,1
1593996331.5641158,26219,1574795853,449192047,navsat_link,2,1,40.663177383333334,-74.56409167833333,42.189,0.00670761,0.0,0.0,0.0,0.00777924,0.0,0.0,0.0,207.36,1
1593996331.7556586,26220,1574795853,641136884,navsat_link,2,1,40.663176363333335,-74.56408871833334,42.196000000000005,0.00670761,0.0,0.0,0.0,0.00762129,0.0,0.0,0.0,207.36,1
1593996331.9641447,26221,1574795853,849456071,navsat_link,2,1,40.66317509333334,-74.56408587333334,42.18,0.00670761,0.0,0.0,0.0,0.00762129,0.0,0.0,0.0,207.36,1
1593996332.1532025,26222,1574795854,38461923,navsat_link,2,1,40.663174221666665,-74.56408296,42.214000000000006,0.00670761,0.0,0.0,0.0,0.00762129,0.0,0.0,0.0,207.36,1
1593996332.3527305,26223,1574795854,237797021,navsat_link,2,1,40.66317325,-74.56408006666666,42.216,0.00670761,0.0,0.0,0.0,0.00762129,0.0,0.0,0.0,207.36,1
1593996332.5584211,26224,1574795854,443829059,navsat_link,2,1,40.663172253333336,-74.56407696666666,42.216,0.00670761,0.0,0.0,0.0,0.00762129,0.0,0.0,0.0,207.36,1
1593996332.7585273,26225,1574795854,643728971,navsat_link,2,1,40.663170995,-74.564074275,42.202000000000005,0.00670761,0.0,0.0,0.0,0.00762129,0.0,0.0,0.0,207.36,1
1593996332.9781923,26226,1574795854,863789081,navsat_link,2,1,40.66316923833333,-74.56407197166666,42.205999999999996,0.00670761,0.0,0.0,0.0,0.00762129,0.0,0.0,0.0,207.36,1
1593996333.164315,26227,1574795855,49885034,navsat_link,2,1,40.66316788333334,-74.56406895,42.201,0.006561,0.0,0.0,0.0,0.00762129,0.0,0.0,0.0,207.36,1
1593996333.3662398,26228,1574795855,251594066,navsat_link,2,1,40.663166618333335,-74.56406623,42.246,0.006561,0.0,0.0,0.0,0.00762129,0.0,0.0,0.0,207.36,1
1593996333.563597,26229,1574795855,449269056,navsat_link,2,1,40.663165175,-74.56406350166667,42.270999999999994,0.006561,0.0,0.0,0.0,0.00762129,0.0,0.0,0.0,207.36,1
1593996333.7661767,26230,1574795855,651540040,navsat_link,2,1,40.66316397333333,-74.564060945,42.22899999999999,0.006561,0.0,0.0,0.0,0.00777924,0.0,0.0,0.0,207.36,1
1593996333.9823468,26231,1574795855,867654085,navsat_link,2,1,40.66316258333333,-74.56405883333333,42.178999999999995,0.006561,0.0,0.0,0.0,0.00762129,0.0,0.0,0.0,207.36,1
1593996334.168938,26232,1574795856,53936004,navsat_link,2,1,40.66316114833333,-74.56405583,42.112,0.006561,0.0,0.0,0.0,0.00762129,0.0,0.0,0.0,207.36,1
1593996334.3693376,26233,1574795856,254565954,navsat_link,2,1,40.663159711666665,-74.56405325666667,42.074000000000005,0.006561,0.0,0.0,0.0,0.00762129,0.0,0.0,0.0,207.36,1
1593996334.562327,26234,1574795856,446559906,navsat_link,2,1,40.66315867833333,-74.56405088666666,41.970000000000006,0.006561,0.0,0.0,0.0,0.00762129,0.0,0.0,0.0,207.36,1
1593996334.7682304,26235,1574795856,643095016,navsat_link,2,1,40.663157608333336,-74.56404899833333,41.818999999999996,0.006561,0.0,0.0,0.0,0.00762129,0.0,0.0,0.0,207.36,1
1593996334.9858253,26236,1574795856,870934963,navsat_link,0,1,40.663156713333336,-74.56404529833333,41.714999999999996,0.006561,0.0,0.0,0.0,0.00910116,0.0,0.0,0.0,207.36,1
1593996335.174551,26237,1574795857,59942960,navsat_link,2,1,40.66315538333333,-74.56404272166667,41.787,0.00670761,0.0,0.0,0.0,0.008262810000000002,0.0,0.0,0.0,207.36,1
1593996335.3670905,26238,1574795857,251682043,navsat_link,2,1,40.663153965,-74.564040875,42.51,0.00685584,0.0,0.0,0.0,0.00893025,0.0,0.0,0.0,207.36,1
1593996335.5737617,26239,1574795857,458770036,navsat_link,2,1,40.66315308833333,-74.56403686333333,41.998,0.007005689999999999,0.0,0.0,0.0,0.009801,0.0,0.0,0.0,207.36,1
1593996335.7735565,26240,1574795857,658874034,navsat_link,2,1,40.66315185333333,-74.56403412166667,41.824000000000005,0.006561,0.0,0.0,0.0,0.00927369,0.0,0.0,0.0,207.36,1
1593996335.980309,26241,1574795857,865206956,navsat_link,2,1,40.663150525,-74.56403207833333,41.839999999999996,0.006561,0.0,0.0,0.0,0.008100000000000001,0.0,0.0,0.0,207.36,1
1593996336.1759334,26242,1574795858,60915946,navsat_link,2,1,40.66314898833333,-74.56402922666666,41.805,0.006561,0.0,0.0,0.0,0.007938810000000003,0.0,0.0,0.0,207.36,1
1593996336.3693628,26243,1574795858,254232883,navsat_link,2,1,40.663147495,-74.56402702833333,41.748,0.006561,0.0,0.0,0.0,0.007938810000000003,0.0,0.0,0.0,207.36,1
1593996336.5639205,26244,1574795858,449304103,navsat_link,2,1,40.66314615,-74.56402488833334,41.779999999999994,0.006561,0.0,0.0,0.0,0.007938810000000003,0.0,0.0,0.0,207.36,1
1593996336.7697968,26245,1574795858,654287099,navsat_link,2,1,40.66314531166667,-74.56402329,41.803000000000004,0.006416010000000001,0.0,0.0,0.0,0.007938810000000003,0.0,0.0,0.0,207.36,1
1593996336.98626,26246,1574795858,870923042,navsat_link,2,1,40.66314464333333,-74.564021735,41.826,0.006416010000000001,0.0,0.0,0.0,0.007938810000000003,0.0,0.0,0.0,207.36,1
1593996337.1772861,26247,1574795859,61813116,navsat_link,2,1,40.66314402,-74.56401960833334,41.85999999999999,0.006416010000000001,0.0,0.0,0.0,0.007938810000000003,0.0,0.0,0.0,207.36,1
1593996337.358802,26248,1574795859,244411945,navsat_link,2,1,40.66314346,-74.564016175,41.805,0.006416010000000001,0.0,0.0,0.0,0.00777924,0.0,0.0,0.0,207.36,1
1593996337.563725,26249,1574795859,448719024,navsat_link,2,1,40.663142433333334,-74.56401284,41.897,0.006416010000000001,0.0,0.0,0.0,0.00777924,0.0,0.0,0.0,207.36,1
1593996337.7746735,26250,1574795859,659414052,navsat_link,2,1,40.66314181,-74.564010505,41.82,0.006416010000000001,0.0,0.0,0.0,0.00777924,0.0,0.0,0.0,207.36,1
1593996337.9584541,26251,1574795859,843971967,navsat_link,2,1,40.66314116666667,-74.56400680666667,41.824999999999996,0.006416010000000001,0.0,0.0,0.0,0.00777924,0.0,0.0,0.0,207.36,1
1593996338.1680853,26252,1574795860,52908897,navsat_link,2,1,40.66314091666667,-74.564002955,41.924,0.006416010000000001,0.0,0.0,0.0,0.00777924,0.0,0.0,0.0,207.36,1
1593996338.370722,26253,1574795860,255100965,navsat_link,2,1,40.66314060166667,-74.56400010666667,41.891,0.006416010000000001,0.0,0.0,0.0,0.00777924,0.0,0.0,0.0,207.36,1
1593996338.5756197,26254,1574795860,460624933,navsat_link,2,1,40.66313982166667,-74.56399716,41.827000000000005,0.006416010000000001,0.0,0.0,0.0,0.00777924,0.0,0.0,0.0,207.36,1
1593996338.7706573,26255,1574795860,656027078,navsat_link,2,1,40.66313947,-74.56399391333333,41.824999999999996,0.006272639999999999,0.0,0.0,0.0,0.00777924,0.0,0.0,0.0,207.36,1
1593996338.9786513,26256,1574795860,863679885,navsat_link,2,1,40.66313889,-74.563990865,41.812000000000005,0.006272639999999999,0.0,0.0,0.0,0.00777924,0.0,0.0,0.0,207.36,1
1593996339.1758842,26257,1574795861,60668945,navsat_link,2,1,40.66313839166666,-74.56398758666667,41.74099999999999,0.006272639999999999,0.0,0.0,0.0,0.00762129,0.0,0.0,0.0,207.36,1
1593996339.3752682,26258,1574795861,260607957,navsat_link,2,1,40.663137893333335,-74.56398427,41.74099999999999,0.006272639999999999,0.0,0.0,0.0,0.00762129,0.0,0.0,0.0,207.36,1
1593996339.57214,26259,1574795861,456604003,navsat_link,2,1,40.663137385,-74.56398115666667,41.668,0.006272639999999999,0.0,0.0,0.0,0.00762129,0.0,0.0,0.0,207.36,1
1593996339.7661622,26260,1574795861,651839971,navsat_link,2,1,40.66313715166667,-74.56397810833333,41.687000000000005,0.006272639999999999,0.0,0.0,0.0,0.00762129,0.0,0.0,0.0,207.36,1
1593996339.9695995,26261,1574795861,855055093,navsat_link,2,1,40.66313660833333,-74.56397475,41.61599999999999,0.006272639999999999,0.0,0.0,0.0,0.00762129,0.0,0.0,0.0,207.36,1
1593996340.1626167,26262,1574795862,48027992,navsat_link,2,1,40.66313605,-74.56397165833333,41.63399999999999,0.006272639999999999,0.0,0.0,0.0,0.00762129,0.0,0.0,0.0,207.36,1
1593996340.3650396,26263,1574795862,250545978,navsat_link,2,1,40.66313567,-74.56396835666666,41.602,0.006272639999999999,0.0,0.0,0.0,0.0074649600000000005,0.0,0.0,0.0,207.36,1
1593996340.5692809,26264,1574795862,454436063,navsat_link,2,1,40.663135415,-74.56396525833334,41.60999999999999,0.006272639999999999,0.0,0.0,0.0,0.0074649600000000005,0.0,0.0,0.0,207.36,1
1593996340.7630813,26265,1574795862,648385047,navsat_link,2,1,40.66313473833333,-74.56396256666666,41.513,0.006130889999999999,0.0,0.0,0.0,0.0074649600000000005,0.0,0.0,0.0,207.36,1
1593996340.964581,26266,1574795862,849994897,navsat_link,2,1,40.663134485,-74.56396026666667,41.546,0.006130889999999999,0.0,0.0,0.0,0.0074649600000000005,0.0,0.0,0.0,207.36,1
1593996341.1753263,26267,1574795863,60581922,navsat_link,2,1,40.66313408166667,-74.56395764333334,41.564,0.006130889999999999,0.0,0.0,0.0,0.0074649600000000005,0.0,0.0,0.0,207.36,1
1593996341.3626103,26268,1574795863,248059034,navsat_link,2,1,40.663132618333336,-74.563954255,41.481,0.006561,0.0,0.0,0.0,0.00762129,0.0,0.0,0.0,207.36,1
1593996341.5593739,26269,1574795863,444765090,navsat_link,2,1,40.663131735,-74.56395120333333,41.461999999999996,0.00670761,0.0,0.0,0.0,0.00777924,0.0,0.0,0.0,207.36,1
1593996341.7661421,26270,1574795863,650613069,navsat_link,2,1,40.663131195,-74.56394823166667,41.404,0.00670761,0.0,0.0,0.0,0.00777924,0.0,0.0,0.0,207.36,1
1593996341.9655416,26271,1574795863,850559949,navsat_link,2,1,40.66313048,-74.56394481833334,41.451,0.006561,0.0,0.0,0.0,0.00777924,0.0,0.0,0.0,207.36,1
1593996342.1726842,26272,1574795864,58168888,navsat_link,2,1,40.66312957666667,-74.56394167166667,41.37499999999999,0.006416010000000001,0.0,0.0,0.0,0.0074649600000000005,0.0,0.0,0.0,207.36,1
1593996342.3633041,26273,1574795864,248722076,navsat_link,2,1,40.66312873,-74.56393843,41.43,0.006272639999999999,0.0,0.0,0.0,0.0074649600000000005,0.0,0.0,0.0,207.36,1
1593996342.565797,26274,1574795864,450527906,navsat_link,2,1,40.663127976666665,-74.56393563666667,41.415,0.006272639999999999,0.0,0.0,0.0,0.0074649600000000005,0.0,0.0,0.0,207.36,1
1593996342.7612169,26275,1574795864,646842002,navsat_link,2,1,40.663127298333336,-74.56393250833334,41.410000000000004,0.006130889999999999,0.0,0.0,0.0,0.007310250000000001,0.0,0.0,0.0,207.36,1
1593996342.9606926,26276,1574795864,846276044,navsat_link,2,1,40.663126465,-74.56392960666666,41.394,0.006130889999999999,0.0,0.0,0.0,0.007310250000000001,0.0,0.0,0.0,207.36,1
1593996343.1912374,26277,1574795865,76634883,navsat_link,2,1,40.66312561666667,-74.56392673833334,41.36899999999999,0.006130889999999999,0.0,0.0,0.0,0.007310250000000001,0.0,0.0,0.0,207.36,1
1593996343.360865,26278,1574795865,246448993,navsat_link,2,1,40.66312491666667,-74.56392420833333,41.365,0.006130889999999999,0.0,0.0,0.0,0.007310250000000001,0.0,0.0,0.0,207.36,1
1593996343.558426,26279,1574795865,444058895,navsat_link,2,1,40.66312477333334,-74.56392138,41.342999999999996,0.006130889999999999,0.0,0.0,0.0,0.007310250000000001,0.0,0.0,0.0,207.36,1
1593996343.758794,26280,1574795865,644222021,navsat_link,2,1,40.66312421666667,-74.56391822333333,41.353,0.006130889999999999,0.0,0.0,0.0,0.007310250000000001,0.0,0.0,0.0,207.36,1
1593996343.969235,26281,1574795865,854140043,navsat_link,2,1,40.663123775,-74.56391559833334,41.318999999999996,0.0059907599999999995,0.0,0.0,0.0,0.007157160000000002,0.0,0.0,0.0,207.36,1
1593996344.1709988,26282,1574795866,56469917,navsat_link,2,1,40.663123435,-74.56391244166667,41.338,0.0059907599999999995,0.0,0.0,0.0,0.007157160000000002,0.0,0.0,0.0,207.36,1
1593996344.3687797,26283,1574795866,254054069,navsat_link,2,1,40.663123131666666,-74.563909345,41.272,0.0059907599999999995,0.0,0.0,0.0,0.007157160000000002,0.0,0.0,0.0,207.36,1
1593996344.561322,26284,1574795866,446540117,navsat_link,2,1,40.66312301666667,-74.56390603,41.275,0.0059907599999999995,0.0,0.0,0.0,0.007157160000000002,0.0,0.0,0.0,207.36,1
1593996344.7676973,26285,1574795866,652951002,navsat_link,2,1,40.66312287666667,-74.563902725,41.29899999999999,0.0059907599999999995,0.0,0.0,0.0,0.007157160000000002,0.0,0.0,0.0,207.36,1
1593996344.9599001,26286,1574795866,845283031,navsat_link,2,1,40.66312251,-74.56390006833334,41.221000000000004,0.0059907599999999995,0.0,0.0,0.0,0.007157160000000002,0.0,0.0,0.0,207.36,1
1593996345.1729317,26287,1574795867,58022022,navsat_link,2,1,40.663122055,-74.56389721666666,41.16499999999999,0.0058522500000000015,0.0,0.0,0.0,0.007005689999999999,0.0,0.0,0.0,207.36,1
1593996345.3644323,26288,1574795867,248364925,navsat_link,2,1,40.66312190833333,-74.56389413833334,41.212999999999994,0.0058522500000000015,0.0,0.0,0.0,0.007005689999999999,0.0,0.0,0.0,207.36,1
1593996345.561524,26289,1574795867,446834087,navsat_link,2,1,40.66312203,-74.56389044666666,41.241,0.0058522500000000015,0.0,0.0,0.0,0.007005689999999999,0.0,0.0,0.0,207.36,1
1593996345.7630498,26290,1574795867,648257017,navsat_link,2,1,40.663121311666664,-74.56388783666667,41.131,0.0058522500000000015,0.0,0.0,0.0,0.007005689999999999,0.0,0.0,0.0,207.36,1
1593996345.969953,26291,1574795867,854594945,navsat_link,2,1,40.663120795,-74.5638847,41.08,0.0058522500000000015,0.0,0.0,0.0,0.007005689999999999,0.0,0.0,0.0,207.36,1
1593996346.1776361,26292,1574795868,63143014,navsat_link,2,1,40.663120475,-74.56388126166667,41.072,0.0058522500000000015,0.0,0.0,0.0,0.007005689999999999,0.0,0.0,0.0,207.36,1
1593996346.3691192,26293,1574795868,253948926,navsat_link,2,1,40.66312034333333,-74.56387821166666,41.053,0.0059907599999999995,0.0,0.0,0.0,0.007005689999999999,0.0,0.0,0.0,207.36,1
1593996346.5681899,26294,1574795868,453583002,navsat_link,2,1,40.66312062,-74.56387487666667,41.068,0.007005689999999999,0.0,0.0,0.0,0.007005689999999999,0.0,0.0,0.0,207.36,1
1593996346.7669845,26295,1574795868,651719093,navsat_link,2,1,40.66312017833334,-74.56387169333334,41.0,0.007005689999999999,0.0,0.0,0.0,0.007005689999999999,0.0,0.0,0.0,207.36,1
1593996346.9632568,26296,1574795868,848459005,navsat_link,2,1,40.663120076666665,-74.56386969833333,40.974999999999994,0.006272639999999999,0.0,0.0,0.0,0.007005689999999999,0.0,0.0,0.0,207.36,1
1593996347.170725,26297,1574795869,55748939,navsat_link,2,1,40.66312039,-74.56386738166667,40.955,0.006272639999999999,0.0,0.0,0.0,0.007005689999999999,0.0,0.0,0.0,207.36,1
1593996347.371988,26298,1574795869,256783008,navsat_link,2,1,40.66312050166667,-74.56386497666666,40.897999999999996,0.006130889999999999,0.0,0.0,0.0,0.00685584,0.0,0.0,0.0,207.36,1
1593996347.56963,26299,1574795869,454785108,navsat_link,2,1,40.66312075,-74.56386298,40.88199999999999,0.006130889999999999,0.0,0.0,0.0,0.00685584,0.0,0.0,0.0,207.36,1
1593996347.7681315,26300,1574795869,653420925,navsat_link,2,1,40.66312169333333,-74.56385972,40.90899999999999,0.006130889999999999,0.0,0.0,0.0,0.00685584,0.0,0.0,0.0,207.36,1
1593996347.9694006,26301,1574795869,854588031,navsat_link,2,1,40.663122728333335,-74.56385675666667,40.863,0.0059907599999999995,0.0,0.0,0.0,0.00685584,0.0,0.0,0.0,207.36,1
1593996348.173371,26302,1574795870,53601026,navsat_link,2,1,40.66312341,-74.56385408833333,40.81999999999999,0.0059907599999999995,0.0,0.0,0.0,0.00685584,0.0,0.0,0.0,207.36,1
1593996348.372139,26303,1574795870,257298946,navsat_link,2,1,40.663123745,-74.56385146333334,40.718,0.0059907599999999995,0.0,0.0,0.0,0.00685584,0.0,0.0,0.0,207.36,1
1593996348.5675023,26304,1574795870,452388048,navsat_link,2,1,40.663124245,-74.56384848166667,40.706999999999994,0.0059907599999999995,0.0,0.0,0.0,0.00685584,0.0,0.0,0.0,207.36,1
1593996348.772778,26305,1574795870,657273054,navsat_link,2,1,40.663124805,-74.56384651166667,40.703,0.0059907599999999995,0.0,0.0,0.0,0.00685584,0.0,0.0,0.0,207.36,1
1593996348.9724393,26306,1574795870,856564998,navsat_link,2,1,40.66312592,-74.56384411833334,40.63799999999999,0.0058522500000000015,0.0,0.0,0.0,0.00685584,0.0,0.0,0.0,207.36,1
1593996349.168986,26307,1574795871,54034948,navsat_link,2,1,40.663126426666665,-74.56384163166666,40.60799999999999,0.0058522500000000015,0.0,0.0,0.0,0.00685584,0.0,0.0,0.0,207.36,1
1593996349.366466,26308,1574795871,251627922,navsat_link,2,1,40.663127046666666,-74.56383894333334,40.57299999999999,0.0058522500000000015,0.0,0.0,0.0,0.00670761,0.0,0.0,0.0,207.36,1
1593996349.567364,26309,1574795871,452393054,navsat_link,2,1,40.663127691666666,-74.56383574333333,40.521,0.0058522500000000015,0.0,0.0,0.0,0.00670761,0.0,0.0,0.0,207.36,1
1593996349.7648566,26310,1574795871,649102926,navsat_link,2,1,40.66312818833333,-74.56383252666667,40.49199999999999,0.0058522500000000015,0.0,0.0,0.0,0.00670761,0.0,0.0,0.0,207.36,1
1593996349.9611642,26311,1574795871,845803022,navsat_link,2,1,40.66312917,-74.56382956,40.455,0.0058522500000000015,0.0,0.0,0.0,0.00670761,0.0,0.0,0.0,207.36,1
1593996350.1680403,26312,1574795872,52975893,navsat_link,2,1,40.66312975,-74.56382639833333,40.414,0.00571536,0.0,0.0,0.0,0.00670761,0.0,0.0,0.0,207.36,1
1593996350.3623726,26313,1574795872,247730970,navsat_link,2,1,40.663130475,-74.563823315,40.39999999999999,0.00571536,0.0,0.0,0.0,0.00670761,0.0,0.0,0.0,207.36,1
1593996350.5603933,26314,1574795872,445807933,navsat_link,2,1,40.663130775,-74.56382083,40.33,0.00571536,0.0,0.0,0.0,0.00670761,0.0,0.0,0.0,207.36,1
1593996350.7589133,26315,1574795872,644382953,navsat_link,2,1,40.66313143666667,-74.56381825,40.31699999999999,0.00571536,0.0,0.0,0.0,0.00670761,0.0,0.0,0.0,207.36,1
1593996350.9673755,26316,1574795872,852608919,navsat_link,2,1,40.663132345,-74.56381511166667,40.282,0.00571536,0.0,0.0,0.0,0.00670761,0.0,0.0,0.0,207.36,1
1593996351.1567585,26317,1574795873,42247056,navsat_link,2,1,40.66313317,-74.56381208166667,40.291,0.00571536,0.0,0.0,0.0,0.00670761,0.0,0.0,0.0,207.36,1
1593996351.361604,26318,1574795873,247185945,navsat_link,2,1,40.663134085,-74.56380905666667,40.29299999999999,0.0058522500000000015,0.0,0.0,0.0,0.00670761,0.0,0.0,0.0,207.36,1
1593996351.5670547,26319,1574795873,452198028,navsat_link,2,1,40.66313514666667,-74.563806345,40.221999999999994,0.0058522500000000015,0.0,0.0,0.0,0.00670761,0.0,0.0,0.0,207.36,1
1593996351.7603226,26320,1574795873,645761013,navsat_link,2,1,40.66313649,-74.563803595,40.185,0.00571536,0.0,0.0,0.0,0.00670761,0.0,0.0,0.0,207.36,1
1593996351.9626029,26321,1574795873,847645998,navsat_link,2,1,40.66313728666667,-74.56380066333334,40.206,0.00571536,0.0,0.0,0.0,0.00670761,0.0,0.0,0.0,207.36,1
1593996352.176805,26322,1574795874,61741113,navsat_link,2,1,40.663138311666664,-74.5637976,40.17,0.006130889999999999,0.0,0.0,0.0,0.00670761,0.0,0.0,0.0,207.36,1
1593996352.36939,26323,1574795874,254816055,navsat_link,2,1,40.66313876833333,-74.56379521333334,40.084,0.00571536,0.0,0.0,0.0,0.00670761,0.0,0.0,0.0,207.36,1
1593996352.558557,26324,1574795874,444036006,navsat_link,2,1,40.66314079666667,-74.56379236333333,39.916,0.006130889999999999,0.0,0.0,0.0,0.007005689999999999,0.0,0.0,0.0,207.36,1
1593996352.756925,26325,1574795874,642522096,navsat_link,2,1,40.66314157,-74.563789405,39.88799999999999,0.00571536,0.0,0.0,0.0,0.00670761,0.0,0.0,0.0,207.36,1
1593996352.9588034,26326,1574795874,844386100,navsat_link,2,1,40.66314266,-74.5637861,39.902,0.0058522500000000015,0.0,0.0,0.0,0.00670761,0.0,0.0,0.0,207.36,1
1593996353.1641698,26327,1574795875,49072027,navsat_link,2,1,40.66314370833334,-74.563782835,39.938,0.0058522500000000015,0.0,0.0,0.0,0.00670761,0.0,0.0,0.0,207.36,1
1593996353.3694081,26328,1574795875,254952907,navsat_link,2,1,40.66314439166667,-74.56377972166666,39.89999999999999,0.0058522500000000015,0.0,0.0,0.0,0.00670761,0.0,0.0,0.0,207.36,1
1593996353.5564513,26329,1574795875,442008972,navsat_link,2,1,40.66314540166667,-74.56377680166666,39.831999999999994,0.0058522500000000015,0.0,0.0,0.0,0.00670761,0.0,0.0,0.0,207.36,1
1593996353.7573457,26330,1574795875,642997026,navsat_link,2,1,40.6631463,-74.56377369666667,39.806,0.0058522500000000015,0.0,0.0,0.0,0.00670761,0.0,0.0,0.0,207.36,1
1593996353.966687,26331,1574795875,852036952,navsat_link,2,1,40.66314677166667,-74.563770795,39.74199999999999,0.0059907599999999995,0.0,0.0,0.0,0.00670761,0.0,0.0,0.0,207.36,1
1593996354.1664646,26332,1574795876,51970958,navsat_link,2,1,40.66314749833333,-74.56376746166667,39.756,0.0058522500000000015,0.0,0.0,0.0,0.006561,0.0,0.0,0.0,207.36,1
1593996354.3738184,26333,1574795876,259038925,navsat_link,2,1,40.66314773,-74.56376416,39.738,0.0058522500000000015,0.0,0.0,0.0,0.006561,0.0,0.0,0.0,207.36,1
1593996354.5662804,26334,1574795876,451550006,navsat_link,2,1,40.66314876166667,-74.56376097833333,39.76299999999999,0.006272639999999999,0.0,0.0,0.0,0.006561,0.0,0.0,0.0,207.36,1
1593996354.7637675,26335,1574795876,649219989,navsat_link,2,1,40.66314907833333,-74.56375788,39.727999999999994,0.006272639999999999,0.0,0.0,0.0,0.006561,0.0,0.0,0.0,207.36,1
1593996354.961986,26336,1574795876,847538948,navsat_link,2,1,40.663149256666664,-74.563754915,39.7,0.006130889999999999,0.0,0.0,0.0,0.006561,0.0,0.0,0.0,207.36,1
1593996355.1659327,26337,1574795877,50930976,navsat_link,2,1,40.663149595,-74.56375282,39.649,0.006272639999999999,0.0,0.0,0.0,0.006561,0.0,0.0,0.0,207.36,1
1593996355.3836064,26338,1574795877,269053936,navsat_link,2,1,40.663150116666664,-74.56374968333333,39.66799999999999,0.006130889999999999,0.0,0.0,0.0,0.006561,0.0,0.0,0.0,207.36,1
1593996355.563215,26339,1574795877,448648929,navsat_link,2,1,40.66315066833333,-74.563746405,39.64399999999999,0.0059907599999999995,0.0,0.0,0.0,0.006561,0.0,0.0,0.0,207.36,1
1593996355.765511,26340,1574795877,651015996,navsat_link,2,1,40.663151191666664,-74.56374334833333,39.638999999999996,0.0059907599999999995,0.0,0.0,0.0,0.006561,0.0,0.0,0.0,207.36,1
1593996355.9641707,26341,1574795877,849423885,navsat_link,2,1,40.663151425,-74.56374073,39.638999999999996,0.0058522500000000015,0.0,0.0,0.0,0.006416010000000001,0.0,0.0,0.0,207.36,1
1593996356.1654549,26342,1574795878,50967931,navsat_link,2,1,40.66315185333333,-74.56373797,39.53699999999999,0.0058522500000000015,0.0,0.0,0.0,0.006416010000000001,0.0,0.0,0.0,207.36,1
1593996356.3730593,26343,1574795878,258445024,navsat_link,2,1,40.66315220833334,-74.56373653666667,39.506,0.0058522500000000015,0.0,0.0,0.0,0.006416010000000001,0.0,0.0,0.0,207.36,1
1593996356.574906,26344,1574795878,459379911,navsat_link,2,1,40.66315208166667,-74.56373395666667,39.521,0.0058522500000000015,0.0,0.0,0.0,0.006416010000000001,0.0,0.0,0.0,207.36,1
1593996356.766064,26345,1574795878,651258945,navsat_link,2,1,40.66315199,-74.56373164166666,39.51599999999999,0.00571536,0.0,0.0,0.0,0.006416010000000001,0.0,0.0,0.0,207.36,1
1593996356.9672506,26346,1574795878,852787971,navsat_link,2,1,40.663152375,-74.56373017666667,39.495999999999995,0.00571536,0.0,0.0,0.0,0.006416010000000001,0.0,0.0,0.0,207.36,1
1593996357.1700935,26347,1574795879,55705070,navsat_link,2,1,40.66315216,-74.563729765,39.491,0.00571536,0.0,0.0,0.0,0.006416010000000001,0.0,0.0,0.0,207.36,1
1593996357.3721652,26348,1574795879,257437944,navsat_link,2,1,40.66315169666667,-74.56373009166667,39.477999999999994,0.00571536,0.0,0.0,0.0,0.006416010000000001,0.0,0.0,0.0,207.36,1
1593996357.5693743,26349,1574795879,453809976,navsat_link,2,1,40.66315183166667,-74.56372968833334,39.465,0.00571536,0.0,0.0,0.0,0.006416010000000001,0.0,0.0,0.0,207.36,1
1593996357.771619,26350,1574795879,655560016,navsat_link,2,1,40.66315238166667,-74.56372878833334,39.486999999999995,0.00571536,0.0,0.0,0.0,0.006416010000000001,0.0,0.0,0.0,207.36,1
1593996357.9699419,26351,1574795879,855124950,navsat_link,2,1,40.66315308666667,-74.56372701333333,39.456999999999994,0.00571536,0.0,0.0,0.0,0.006416010000000001,0.0,0.0,0.0,207.36,1
1593996358.1779165,26352,1574795880,62992095,navsat_link,2,1,40.663154415,-74.56372466333333,39.432,0.00571536,0.0,0.0,0.0,0.006272639999999999,0.0,0.0,0.0,207.36,1
1593996358.3818257,26353,1574795880,266846895,navsat_link,2,1,40.66315614166667,-74.56372219666666,39.39699999999999,0.00571536,0.0,0.0,0.0,0.006272639999999999,0.0,0.0,0.0,207.36,1
1593996358.5747604,26354,1574795880,459819078,navsat_link,2,1,40.66315769333333,-74.56371994666667,39.36,0.00571536,0.0,0.0,0.0,0.006272639999999999,0.0,0.0,0.0,207.36,1
1593996358.776961,26355,1574795880,661933898,navsat_link,2,1,40.66315923166667,-74.563717565,39.361999999999995,0.00571536,0.0,0.0,0.0,0.006272639999999999,0.0,0.0,0.0,207.36,1
1593996358.9789603,26356,1574795880,863928079,navsat_link,2,1,40.663160833333336,-74.56371529166667,39.358999999999995,0.00571536,0.0,0.0,0.0,0.006272639999999999,0.0,0.0,0.0,207.36,1
1593996359.1760247,26357,1574795881,61120986,navsat_link,2,1,40.66316207,-74.563713535,39.25699999999999,0.00571536,0.0,0.0,0.0,0.006272639999999999,0.0,0.0,0.0,207.36,1
1593996359.3790405,26358,1574795881,263371944,navsat_link,2,1,40.66316432833333,-74.56371045833333,39.25699999999999,0.00571536,0.0,0.0,0.0,0.006272639999999999,0.0,0.0,0.0,207.36,1
1593996359.5753503,26359,1574795881,460237979,navsat_link,2,1,40.66316606666667,-74.56370788,39.26599999999999,0.00571536,0.0,0.0,0.0,0.006272639999999999,0.0,0.0,0.0,207.36,1
1593996359.7788312,26360,1574795881,663382053,navsat_link,2,1,40.66316757333333,-74.56370558833333,39.22699999999999,0.00571536,0.0,0.0,0.0,0.006272639999999999,0.0,0.0,0.0,207.36,1
1593996359.9694982,26361,1574795881,854572057,navsat_link,2,1,40.66316923833333,-74.56370331833334,39.202,0.00571536,0.0,0.0,0.0,0.006272639999999999,0.0,0.0,0.0,207.36,1
1593996360.1726158,26362,1574795882,56898117,navsat_link,2,1,40.66317083,-74.56370100333334,39.153999999999996,0.00571536,0.0,0.0,0.0,0.006272639999999999,0.0,0.0,0.0,207.36,1
1593996360.3756082,26363,1574795882,259758949,navsat_link,2,1,40.66317251,-74.56369849833334,39.14099999999999,0.00571536,0.0,0.0,0.0,0.006272639999999999,0.0,0.0,0.0,207.36,1
1593996360.5820553,26364,1574795882,466618061,navsat_link,2,1,40.66317411,-74.56369603666667,39.149,0.00558009,0.0,0.0,0.0,0.006272639999999999,0.0,0.0,0.0,207.36,1
1593996360.7749379,26365,1574795882,659455060,navsat_link,2,1,40.66317569666667,-74.56369363,39.11699999999999,0.00558009,0.0,0.0,0.0,0.006272639999999999,0.0,0.0,0.0,207.36,1
1593996360.9793985,26366,1574795882,864222049,navsat_link,2,1,40.66317721666667,-74.563691205,39.143,0.00558009,0.0,0.0,0.0,0.006130889999999999,0.0,0.0,0.0,207.36,1
1593996361.1689503,26367,1574795883,54013013,navsat_link,2,1,40.66317884,-74.56368881666667,39.11399999999999,0.00558009,0.0,0.0,0.0,0.006130889999999999,0.0,0.0,0.0,207.36,1
1593996361.3699844,26368,1574795883,255371093,navsat_link,2,1,40.66318059,-74.56368634,39.116,0.00558009,0.0,0.0,0.0,0.006130889999999999,0.0,0.0,0.0,207.36,1
1593996361.590871,26369,1574795883,476290941,navsat_link,2,1,40.66318199166667,-74.56368406166666,39.107,0.00558009,0.0,0.0,0.0,0.006130889999999999,0.0,0.0,0.0,207.36,1
1593996361.772075,26370,1574795883,657396078,navsat_link,2,1,40.663183663333335,-74.56368133333334,39.10799999999999,0.00558009,0.0,0.0,0.0,0.006130889999999999,0.0,0.0,0.0,207.36,1
1593996361.9703622,26371,1574795883,855617046,navsat_link,2,1,40.663185096666666,-74.56367899833333,39.072,0.00558009,0.0,0.0,0.0,0.006130889999999999,0.0,0.0,0.0,207.36,1
1593996362.171626,26372,1574795884,56863069,navsat_link,2,1,40.663186661666664,-74.56367642166667,39.03999999999999,0.00558009,0.0,0.0,0.0,0.006130889999999999,0.0,0.0,0.0,207.36,1
1593996362.3739707,26373,1574795884,259010076,navsat_link,2,1,40.66318822,-74.56367393333333,39.013999999999996,0.00558009,0.0,0.0,0.0,0.006130889999999999,0.0,0.0,0.0,207.36,1
1593996362.5816863,26374,1574795884,466996908,navsat_link,2,1,40.66318976,-74.56367142833334,38.99799999999999,0.00544644,0.0,0.0,0.0,0.006130889999999999,0.0,0.0,0.0,207.36,1
1593996362.7660055,26375,1574795884,651561975,navsat_link,2,1,40.66319122,-74.56366886,38.989999999999995,0.00544644,0.0,0.0,0.0,0.006130889999999999,0.0,0.0,0.0,207.36,1
1593996362.9775155,26376,1574795884,862246990,navsat_link,2,1,40.6631928,-74.56366649,38.961,0.00544644,0.0,0.0,0.0,0.006130889999999999,0.0,0.0,0.0,207.36,1
1593996363.171821,26377,1574795885,57256937,navsat_link,2,1,40.66319421833333,-74.56366396166666,38.95399999999999,0.00544644,0.0,0.0,0.0,0.006130889999999999,0.0,0.0,0.0,207.36,1
1593996363.3808496,26378,1574795885,265381097,navsat_link,2,1,40.663195895,-74.56366119666667,38.928,0.00544644,0.0,0.0,0.0,0.006130889999999999,0.0,0.0,0.0,207.36,1
1593996363.5828063,26379,1574795885,467968940,navsat_link,2,1,40.66319745166667,-74.56365885666666,38.941,0.00544644,0.0,0.0,0.0,0.0059907599999999995,0.0,0.0,0.0,207.36,1
1593996363.7722962,26380,1574795885,657581090,navsat_link,2,1,40.663199236666664,-74.563656475,38.931,0.00544644,0.0,0.0,0.0,0.0059907599999999995,0.0,0.0,0.0,207.36,1
1593996363.9775412,26381,1574795885,862332105,navsat_link,2,1,40.66320038,-74.563654505,38.934,0.00544644,0.0,0.0,0.0,0.0059907599999999995,0.0,0.0,0.0,207.36,1
1593996364.18308,26382,1574795886,68264961,navsat_link,2,1,40.66320211833333,-74.56365269666667,38.932,0.00544644,0.0,0.0,0.0,0.0059907599999999995,0.0,0.0,0.0,207.36,1
1593996364.3708546,26383,1574795886,256258964,navsat_link,2,1,40.663204025,-74.56365079833333,38.88799999999999,0.00544644,0.0,0.0,0.0,0.0059907599999999995,0.0,0.0,0.0,207.36,1
1593996364.584024,26384,1574795886,469224929,navsat_link,2,1,40.663205858333335,-74.563648645,38.858999999999995,0.00544644,0.0,0.0,0.0,0.0059907599999999995,0.0,0.0,0.0,207.36,1
1593996364.7716148,26385,1574795886,657114982,navsat_link,2,1,40.66320781,-74.56364674166667,38.839,0.005314410000000001,0.0,0.0,0.0,0.0059907599999999995,0.0,0.0,0.0,207.36,1
1593996364.9799483,26386,1574795886,865087032,navsat_link,2,1,40.66320974333333,-74.563644825,38.825,0.005314410000000001,0.0,0.0,0.0,0.0059907599999999995,0.0,0.0,0.0,207.36,1
1593996365.1759841,26387,1574795887,61471939,navsat_link,2,1,40.66321169333333,-74.56364281166667,38.80199999999999,0.005314410000000001,0.0,0.0,0.0,0.0059907599999999995,0.0,0.0,0.0,207.36,1
1593996365.3740516,26388,1574795887,259404897,navsat_link,2,1,40.66321357166667,-74.56364106,38.78999999999999,0.005314410000000001,0.0,0.0,0.0,0.0059907599999999995,0.0,0.0,0.0,207.36,1
1593996365.574854,26389,1574795887,460283994,navsat_link,2,1,40.66321559166666,-74.563639095,38.73299999999999,0.005314410000000001,0.0,0.0,0.0,0.0059907599999999995,0.0,0.0,0.0,207.36,1
1593996365.7799423,26390,1574795887,665551900,navsat_link,2,1,40.66321756833333,-74.56363705166666,38.733999999999995,0.005314410000000001,0.0,0.0,0.0,0.0059907599999999995,0.0,0.0,0.0,207.36,1
1593996365.9788148,26391,1574795887,864129066,navsat_link,2,1,40.66321961,-74.56363501333334,38.73299999999999,0.005314410000000001,0.0,0.0,0.0,0.0058522500000000015,0.0,0.0,0.0,207.36,1
1593996366.1745813,26392,1574795888,60038089,navsat_link,2,1,40.66322154666667,-74.56363327333334,38.732,0.005314410000000001,0.0,0.0,0.0,0.0058522500000000015,0.0,0.0,0.0,207.36,1
1593996366.3720157,26393,1574795888,257199048,navsat_link,2,1,40.66322241,-74.56363122,38.831,0.005314410000000001,0.0,0.0,0.0,0.0058522500000000015,0.0,0.0,0.0,0.005184000000000001,1
1593996366.5751414,26394,1574795888,460562944,navsat_link,2,1,40.6632237,-74.56363007333333,38.846999999999994,6.560999999999999e-05,0.0,0.0,0.0,0.00011664000000000001,0.0,0.0,0.0,0.005184000000000001,1
1593996366.7764695,26395,1574795888,661773920,navsat_link,2,1,40.66322453,-74.56362919,38.824,6.560999999999999e-05,0.0,0.0,0.0,9.800999999999998e-05,0.0,0.0,0.0,0.005184000000000001,1
1593996366.9703043,26396,1574795888,855720043,navsat_link,2,1,40.66322529,-74.56362884,38.803,6.560999999999999e-05,0.0,0.0,0.0,9.800999999999998e-05,0.0,0.0,0.0,0.005184000000000001,1
1593996367.1777306,26397,1574795889,63409090,navsat_link,2,1,40.66322675333333,-74.56362828333333,38.813,6.560999999999999e-05,0.0,0.0,0.0,9.800999999999998e-05,0.0,0.0,0.0,0.005184000000000001,1
1593996367.3728774,26398,1574795889,258460044,navsat_link,2,1,40.663229093333335,-74.56362764333333,38.801,6.560999999999999e-05,0.0,0.0,0.0,9.800999999999998e-05,0.0,0.0,0.0,0.005184000000000001,1
1593996367.5715022,26399,1574795889,456768035,navsat_link,2,1,40.663231528333334,-74.56362696166667,38.75999999999999,6.560999999999999e-05,0.0,0.0,0.0,9.800999999999998e-05,0.0,0.0,0.0,0.005184000000000001,1
1593996367.7785826,26400,1574795889,663980960,navsat_link,2,1,40.66323390833333,-74.56362653333333,38.791,5.184000000000001e-05,0.0,0.0,0.0,8.100000000000002e-05,0.0,0.0,0.0,0.005184000000000001,1
1593996367.9772613,26401,1574795889,862273931,navsat_link,2,1,40.663236225,-74.56362586833333,38.769999999999996,5.184000000000001e-05,0.0,0.0,0.0,9.800999999999998e-05,0.0,0.0,0.0,0.005184000000000001,1
1593996368.1830535,26402,1574795890,68535089,navsat_link,2,1,40.663238668333335,-74.56362517833334,38.769999999999996,5.184000000000001e-05,0.0,0.0,0.0,8.100000000000002e-05,0.0,0.0,0.0,0.005184000000000001,1
1593996368.3739872,26403,1574795890,259465932,navsat_link,2,1,40.66324101,-74.56362477166667,38.78099999999999,5.184000000000001e-05,0.0,0.0,0.0,8.100000000000002e-05,0.0,0.0,0.0,0.005184000000000001,1
1593996368.5704186,26404,1574795890,455980062,navsat_link,2,1,40.66324348333333,-74.56362371666667,38.792,6.560999999999999e-05,0.0,0.0,0.0,8.100000000000002e-05,0.0,0.0,0.0,0.005184000000000001,1
1593996368.781872,26405,1574795890,667279005,navsat_link,2,1,40.663245673333336,-74.563623055,38.804,6.560999999999999e-05,0.0,0.0,0.0,8.100000000000002e-05,0.0,0.0,0.0,0.005184000000000001,1
1593996368.9766755,26406,1574795890,862123966,navsat_link,2,1,40.663247425,-74.563621985,38.76599999999999,5.184000000000001e-05,0.0,0.0,0.0,8.100000000000002e-05,0.0,0.0,0.0,0.005184000000000001,1
1593996369.1764739,26407,1574795891,62155961,navsat_link,2,1,40.66324972333334,-74.56362081833333,38.78099999999999,6.560999999999999e-05,0.0,0.0,0.0,9.800999999999998e-05,0.0,0.0,0.0,0.005184000000000001,1
1593996369.3780723,26408,1574795891,263143062,navsat_link,2,1,40.663251908333336,-74.56361951166667,38.765,6.560999999999999e-05,0.0,0.0,0.0,9.800999999999998e-05,0.0,0.0,0.0,0.005184000000000001,1
1593996369.5739837,26409,1574795891,459016084,navsat_link,2,1,40.6632543,-74.56361830333333,38.765,6.560999999999999e-05,0.0,0.0,0.0,9.800999999999998e-05,0.0,0.0,0.0,0.005184000000000001,1
1593996369.7731335,26410,1574795891,658615112,navsat_link,2,1,40.663256538333336,-74.56361707166667,38.778999999999996,5.184000000000001e-05,0.0,0.0,0.0,8.100000000000002e-05,0.0,0.0,0.0,0.005184000000000001,1
1593996369.9805806,26411,1574795891,865370988,navsat_link,2,1,40.663258765,-74.56361613333334,38.81399999999999,5.184000000000001e-05,0.0,0.0,0.0,8.100000000000002e-05,0.0,0.0,0.0,0.005184000000000001,1
1593996370.1851084,26412,1574795892,70625066,navsat_link,2,1,40.663260996666665,-74.56361534166666,38.818,5.184000000000001e-05,0.0,0.0,0.0,8.100000000000002e-05,0.0,0.0,0.0,0.005184000000000001,1
1593996370.3734627,26413,1574795892,258888006,navsat_link,2,1,40.66326329,-74.56361416166666,38.815,8.100000000000002e-05,0.0,0.0,0.0,9.800999999999998e-05,0.0,0.0,0.0,0.005184000000000001,1
1593996370.579225,26414,1574795892,463778018,navsat_link,2,1,40.66326569833333,-74.563613095,38.782,8.100000000000002e-05,0.0,0.0,0.0,0.00013689,0.0,0.0,0.0,0.005184000000000001,1
1593996370.7810347,26415,1574795892,666459083,navsat_link,2,1,40.66326804333333,-74.56361205,38.788,6.560999999999999e-05,0.0,0.0,0.0,9.800999999999998e-05,0.0,0.0,0.0,0.005184000000000001,1
1593996370.9658296,26416,1574795892,851074934,navsat_link,2,1,40.66327011833334,-74.56361124166666,38.875,6.560999999999999e-05,0.0,0.0,0.0,9.800999999999998e-05,0.0,0.0,0.0,0.005184000000000001,1
1593996371.178721,26417,1574795893,63102006,navsat_link,2,1,40.66327273666667,-74.56360984166666,38.809,6.560999999999999e-05,0.0,0.0,0.0,0.00011664000000000001,0.0,0.0,0.0,0.005184000000000001,1
1593996371.3822098,26418,1574795893,266557931,navsat_link,2,1,40.663275096666666,-74.56360860333334,38.718,6.560999999999999e-05,0.0,0.0,0.0,9.800999999999998e-05,0.0,0.0,0.0,0.005184000000000001,1
1593996371.5838046,26419,1574795893,467979907,navsat_link,2,1,40.66327733833333,-74.56360755,38.763999999999996,8.100000000000002e-05,0.0,0.0,0.0,0.00011664000000000001,0.0,0.0,0.0,0.005184000000000001,1
1593996371.7804437,26420,1574795893,665935039,navsat_link,2,1,40.66327969666666,-74.56360671,38.80499999999999,6.560999999999999e-05,0.0,0.0,0.0,0.00013689,0.0,0.0,0.0,0.005184000000000001,1
1593996371.9866672,26421,1574795893,870824098,navsat_link,2,1,40.663282045,-74.563606175,38.824,6.560999999999999e-05,0.0,0.0,0.0,8.100000000000002e-05,0.0,0.0,0.0,0.005184000000000001,1
1593996372.1789596,26422,1574795894,64121961,navsat_link,2,1,40.66328437833333,-74.56360515833333,38.792,6.560999999999999e-05,0.0,0.0,0.0,0.00011664000000000001,0.0,0.0,0.0,0.005184000000000001,1
1593996372.372909,26423,1574795894,257724046,navsat_link,2,1,40.6632868,-74.56360413166666,38.804,6.560999999999999e-05,0.0,0.0,0.0,0.00011664000000000001,0.0,0.0,0.0,0.005184000000000001,1
1593996372.5751264,26424,1574795894,460051059,navsat_link,2,1,40.66328901,-74.563603375,38.822,6.560999999999999e-05,0.0,0.0,0.0,8.100000000000002e-05,0.0,0.0,0.0,0.005184000000000001,1
1593996372.7982392,26425,1574795894,683690071,navsat_link,2,1,40.66329145666667,-74.56360219666666,38.794,5.184000000000001e-05,0.0,0.0,0.0,8.100000000000002e-05,0.0,0.0,0.0,0.005184000000000001,1
1593996372.9708593,26426,1574795894,856128931,navsat_link,2,1,40.663293815,-74.563601165,38.78,5.184000000000001e-05,0.0,0.0,0.0,6.560999999999999e-05,0.0,0.0,0.0,0.005184000000000001,1
1593996373.1852672,26427,1574795895,70647001,navsat_link,2,1,40.663295956666666,-74.56360016,38.789,5.184000000000001e-05,0.0,0.0,0.0,6.560999999999999e-05,0.0,0.0,0.0,0.005184000000000001,1
1593996373.3687556,26428,1574795895,254182100,navsat_link,2,1,40.6632984,-74.56359885333333,38.77199999999999,5.184000000000001e-05,0.0,0.0,0.0,6.560999999999999e-05,0.0,0.0,0.0,0.005184000000000001,1
1593996373.5745418,26429,1574795895,459947109,navsat_link,2,1,40.663300631666665,-74.56359792833334,38.81699999999999,5.184000000000001e-05,0.0,0.0,0.0,8.100000000000002e-05,0.0,0.0,0.0,0.005184000000000001,1
1593996373.7833652,26430,1574795895,668478965,navsat_link,2,1,40.66330296666667,-74.56359681833334,38.80799999999999,5.184000000000001e-05,0.0,0.0,0.0,8.100000000000002e-05,0.0,0.0,0.0,0.005184000000000001,1
1593996373.969244,26431,1574795895,854567050,navsat_link,2,1,40.66330517833333,-74.56359565,38.78699999999999,5.184000000000001e-05,0.0,0.0,0.0,0.00015876,0.0,0.0,0.0,0.005184000000000001,1
1593996374.1807268,26432,1574795896,66004991,navsat_link,2,1,40.663307548333336,-74.56359460333333,38.772999999999996,8.100000000000002e-05,0.0,0.0,0.0,0.00029241,0.0,0.0,0.0,0.005184000000000001,1
1593996374.3752418,26433,1574795896,260664939,navsat_link,2,1,40.663309625,-74.56359341166667,38.834,8.100000000000002e-05,0.0,0.0,0.0,0.00026243999999999996,0.0,0.0,0.0,0.005184000000000001,1
1593996374.56876,26434,1574795896,454144001,navsat_link,2,1,40.66331192,-74.56359201166667,38.81999999999999,6.560999999999999e-05,0.0,0.0,0.0,0.00015876,0.0,0.0,0.0,0.005184000000000001,1
1593996374.790626,26435,1574795896,675903081,navsat_link,2,1,40.66331415166667,-74.563590605,38.757999999999996,6.560999999999999e-05,0.0,0.0,0.0,0.00015876,0.0,0.0,0.0,0.005184000000000001,1
1593996374.9757018,26436,1574795896,861053943,navsat_link,2,1,40.663316413333334,-74.56358911166667,38.75,6.560999999999999e-05,0.0,0.0,0.0,0.00015876,0.0,0.0,0.0,0.005184000000000001,1
1593996375.1773434,26437,1574795897,62413930,navsat_link,2,1,40.66331849833333,-74.56358780166667,38.775999999999996,6.560999999999999e-05,0.0,0.0,0.0,0.00015876,0.0,0.0,0.0,0.005184000000000001,1
1593996375.3727062,26438,1574795897,257951974,navsat_link,2,1,40.66332076,-74.56358624833334,38.778999999999996,5.184000000000001e-05,0.0,0.0,0.0,0.00011664000000000001,0.0,0.0,0.0,0.005184000000000001,1
1593996375.57019,26439,1574795897,455193996,navsat_link,2,1,40.66332297666666,-74.56358496333333,38.765,5.184000000000001e-05,0.0,0.0,0.0,0.00013689,0.0,0.0,0.0,0.005184000000000001,1
1593996375.7701275,26440,1574795897,655529022,navsat_link,2,1,40.66332524166667,-74.56358348333333,38.762,5.184000000000001e-05,0.0,0.0,0.0,9.800999999999998e-05,0.0,0.0,0.0,0.005184000000000001,1
1593996375.964455,26441,1574795897,849874019,navsat_link,2,1,40.66332737,-74.56358235666667,38.798,5.184000000000001e-05,0.0,0.0,0.0,9.800999999999998e-05,0.0,0.0,0.0,0.005184000000000001,1
1593996376.175926,26442,1574795898,60739040,navsat_link,2,1,40.66332961333333,-74.563581105,38.807,6.560999999999999e-05,0.0,0.0,0.0,9.800999999999998e-05,0.0,0.0,0.0,0.005184000000000001,1
1593996376.368263,26443,1574795898,253813028,navsat_link,2,1,40.66333185,-74.56358,38.801,6.560999999999999e-05,0.0,0.0,0.0,9.800999999999998e-05,0.0,0.0,0.0,0.005184000000000001,1
1593996376.5749857,26444,1574795898,459794998,navsat_link,2,1,40.66333427833333,-74.56357875,38.78699999999999,8.100000000000002e-05,0.0,0.0,0.0,0.00011664000000000001,0.0,0.0,0.0,0.005184000000000001,1
1593996376.7714317,26445,1574795898,656765937,navsat_link,2,1,40.66333653833333,-74.563577215,38.801,6.560999999999999e-05,0.0,0.0,0.0,9.800999999999998e-05,0.0,0.0,0.0,0.005184000000000001,1
1593996376.9715402,26446,1574795898,857269048,navsat_link,2,1,40.66333863333333,-74.56357595833333,38.798,5.184000000000001e-05,0.0,0.0,0.0,8.100000000000002e-05,0.0,0.0,0.0,0.005184000000000001,1
1593996377.1663022,26447,1574795899,51873922,navsat_link,2,1,40.663340665,-74.563574135,38.831999999999994,5.184000000000001e-05,0.0,0.0,0.0,0.00015876,0.0,0.0,0.0,0.005184000000000001,1
1593996377.3686626,26448,1574795899,254275083,navsat_link,2,1,40.66334262666667,-74.56357406833334,38.515,5.184000000000001e-05,0.0,0.0,0.0,0.00013689,0.0,0.0,0.0,207.36,1
1593996377.5696096,26449,1574795899,455070018,navsat_link,2,1,40.663344476666666,-74.56357269833333,38.488,0.00480249,0.0,0.0,0.0,0.00544644,0.0,0.0,0.0,207.36,1
1593996377.7657373,26450,1574795899,651077985,navsat_link,2,1,40.66334645333333,-74.56357156333334,38.50099999999999,0.00480249,0.0,0.0,0.0,0.005314410000000001,0.0,0.0,0.0,207.36,1
1593996377.9742727,26451,1574795899,859817028,navsat_link,2,1,40.663348825,-74.56357041333334,38.50399999999999,0.00480249,0.0,0.0,0.0,0.00544644,0.0,0.0,0.0,207.36,1
1593996378.1826901,26452,1574795900,67760944,navsat_link,2,1,40.663351005,-74.56356880333334,38.516999999999996,0.00480249,0.0,0.0,0.0,0.00544644,0.0,0.0,0.0,207.36,1
1593996378.3757446,26453,1574795900,260921001,navsat_link,2,1,40.66335331,-74.56356783166666,38.516999999999996,0.00480249,0.0,0.0,0.0,0.00544644,0.0,0.0,0.0,207.36,1
1593996378.5711236,26454,1574795900,456367969,navsat_link,2,1,40.66335547166667,-74.563566355,38.507999999999996,0.00467856,0.0,0.0,0.0,0.00544644,0.0,0.0,0.0,207.36,1
1593996378.7727625,26455,1574795900,658123970,navsat_link,2,1,40.663357491666666,-74.563565195,38.501999999999995,0.00467856,0.0,0.0,0.0,0.005314410000000001,0.0,0.0,0.0,207.36,1
1593996378.976109,26456,1574795900,861459016,navsat_link,2,1,40.66335975,-74.56356407333334,38.47,0.00467856,0.0,0.0,0.0,0.005314410000000001,0.0,0.0,0.0,207.36,1
1593996379.1724906,26457,1574795901,57926893,navsat_link,2,1,40.663362031666665,-74.56356297,38.453,0.00467856,0.0,0.0,0.0,0.005314410000000001,0.0,0.0,0.0,207.36,1
1593996379.3669956,26458,1574795901,252118110,navsat_link,2,1,40.66336440833334,-74.56356197666666,38.501999999999995,0.00467856,0.0,0.0,0.0,0.005314410000000001,0.0,0.0,0.0,207.36,1
1593996379.5702348,26459,1574795901,455848932,navsat_link,2,1,40.66336632833333,-74.56356105166667,38.47,0.00467856,0.0,0.0,0.0,0.005314410000000001,0.0,0.0,0.0,207.36,1
1593996379.7761295,26460,1574795901,661530971,navsat_link,2,1,40.66336820666667,-74.56355959666666,38.441,0.00467856,0.0,0.0,0.0,0.005314410000000001,0.0,0.0,0.0,207.36,1
1593996379.987278,26461,1574795901,872375011,navsat_link,2,1,40.663370316666665,-74.563557915,38.446,0.00467856,0.0,0.0,0.0,0.005314410000000001,0.0,0.0,0.0,207.36,1
1593996380.1789968,26462,1574795902,64347982,navsat_link,2,1,40.663372275,-74.56355616166667,38.397999999999996,0.00467856,0.0,0.0,0.0,0.005314410000000001,0.0,0.0,0.0,207.36,1
1593996380.372805,26463,1574795902,258305072,navsat_link,2,1,40.66337374,-74.56355514666667,38.37599999999999,0.00467856,0.0,0.0,0.0,0.005314410000000001,0.0,0.0,0.0,207.36,1
1593996380.5805926,26464,1574795902,465955972,navsat_link,2,1,40.66337539166667,-74.56355409166666,38.435,0.00467856,0.0,0.0,0.0,0.005314410000000001,0.0,0.0,0.0,207.36,1
1593996380.7766893,26465,1574795902,661716938,navsat_link,2,1,40.66337781166666,-74.56355352666667,38.41199999999999,0.00467856,0.0,0.0,0.0,0.00544644,0.0,0.0,0.0,207.36,1
1593996381.0049314,26466,1574795902,890104055,navsat_link,2,1,40.663379885,-74.56355223666667,38.397999999999996,0.00467856,0.0,0.0,0.0,0.005314410000000001,0.0,0.0,0.0,207.36,1
1593996381.1741703,26467,1574795903,59133052,navsat_link,2,1,40.66338252,-74.56355127333333,38.37599999999999,0.00467856,0.0,0.0,0.0,0.005314410000000001,0.0,0.0,0.0,207.36,1
1593996381.3722522,26468,1574795903,257445096,navsat_link,2,1,40.66338474166667,-74.56355018,38.372,0.00455625,0.0,0.0,0.0,0.005314410000000001,0.0,0.0,0.0,207.36,1
1593996381.57867,26469,1574795903,464029073,navsat_link,2,1,40.66338714333333,-74.56354888166666,38.36699999999999,0.00455625,0.0,0.0,0.0,0.005314410000000001,0.0,0.0,0.0,207.36,1
1593996381.777305,26470,1574795903,662741899,navsat_link,2,1,40.663389425,-74.56354790333333,38.363,0.00455625,0.0,0.0,0.0,0.005184000000000001,0.0,0.0,0.0,207.36,1
1593996381.995678,26471,1574795903,880992889,navsat_link,2,1,40.66339198166666,-74.563546825,38.331,0.00455625,0.0,0.0,0.0,0.005184000000000001,0.0,0.0,0.0,207.36,1
1593996382.1828568,26472,1574795904,68289995,navsat_link,2,1,40.66339418166667,-74.56354594833333,38.271,0.00455625,0.0,0.0,0.0,0.005184000000000001,0.0,0.0,0.0,207.36,1
1593996382.3823967,26473,1574795904,267463922,navsat_link,2,1,40.663396451666664,-74.56354500833334,38.26299999999999,0.00455625,0.0,0.0,0.0,0.005184000000000001,0.0,0.0,0.0,207.36,1
1593996382.5784307,26474,1574795904,463231086,navsat_link,2,1,40.66339873166667,-74.56354380666667,38.278999999999996,0.00455625,0.0,0.0,0.0,0.005184000000000001,0.0,0.0,0.0,207.36,1
1593996382.7840598,26475,1574795904,668992996,navsat_link,2,1,40.663400585,-74.56354281833333,38.224999999999994,0.00455625,0.0,0.0,0.0,0.005184000000000001,0.0,0.0,0.0,207.36,1
1593996382.9842956,26476,1574795904,868925094,navsat_link,2,1,40.66340269166667,-74.56354151333333,38.248999999999995,0.00455625,0.0,0.0,0.0,0.005184000000000001,0.0,0.0,0.0,207.36,1
1593996383.180927,26477,1574795905,65360069,navsat_link,2,1,40.66340483333333,-74.563539825,38.212999999999994,0.00455625,0.0,0.0,0.0,0.005055209999999999,0.0,0.0,0.0,207.36,1
1593996383.3810167,26478,1574795905,266046047,navsat_link,2,1,40.663407043333336,-74.56353806,38.25099999999999,0.00455625,0.0,0.0,0.0,0.005055209999999999,0.0,0.0,0.0,207.36,1
1593996383.5795412,26479,1574795905,464087963,navsat_link,2,1,40.663408335,-74.56353681666667,38.23599999999999,0.00455625,0.0,0.0,0.0,0.005055209999999999,0.0,0.0,0.0,207.36,1
1593996383.7836924,26480,1574795905,668452978,navsat_link,2,1,40.66341086,-74.56353534166666,38.24199999999999,0.00455625,0.0,0.0,0.0,0.005055209999999999,0.0,0.0,0.0,207.36,1
1593996383.992129,26481,1574795905,875170946,navsat_link,2,1,40.663412908333335,-74.56353434333333,38.295,0.00455625,0.0,0.0,0.0,0.005055209999999999,0.0,0.0,0.0,207.36,1
1593996384.1802351,26482,1574795906,64456939,navsat_link,2,1,40.66341482166666,-74.56353289833334,38.223,0.004435559999999999,0.0,0.0,0.0,0.005055209999999999,0.0,0.0,0.0,207.36,1
1593996384.3739169,26483,1574795906,257101058,navsat_link,2,1,40.663417296666665,-74.563532105,38.152,0.004435559999999999,0.0,0.0,0.0,0.005055209999999999,0.0,0.0,0.0,207.36,1
1593996384.5734458,26484,1574795906,457756996,navsat_link,2,1,40.66341965666667,-74.56353142166667,38.209999999999994,0.00455625,0.0,0.0,0.0,0.005314410000000001,0.0,0.0,0.0,207.36,1
1593996384.7786522,26485,1574795906,662909984,navsat_link,2,1,40.663422015,-74.56353082166666,38.209999999999994,0.00455625,0.0,0.0,0.0,0.005314410000000001,0.0,0.0,0.0,207.36,1
1593996384.9739456,26486,1574795906,858468055,navsat_link,2,1,40.663424281666664,-74.56352971166666,38.205,0.004435559999999999,0.0,0.0,0.0,0.005055209999999999,0.0,0.0,0.0,207.36,1
1593996385.1867728,26487,1574795907,71451902,navsat_link,2,1,40.66342658666667,-74.56352869333334,38.194,0.004435559999999999,0.0,0.0,0.0,0.005055209999999999,0.0,0.0,0.0,207.36,1
1593996385.3721104,26488,1574795907,257201910,navsat_link,2,1,40.66342882833333,-74.56352725333333,38.18599999999999,0.004435559999999999,0.0,0.0,0.0,0.005055209999999999,0.0,0.0,0.0,207.36,1
1593996385.5791526,26489,1574795907,464143037,navsat_link,2,1,40.663431205,-74.56352613,38.197,0.004435559999999999,0.0,0.0,0.0,0.005055209999999999,0.0,0.0,0.0,207.36,1
1593996385.7736025,26490,1574795907,658654928,navsat_link,2,1,40.663433268333335,-74.56352519166667,38.169,0.004435559999999999,0.0,0.0,0.0,0.005055209999999999,0.0,0.0,0.0,207.36,1
1593996385.9779093,26491,1574795907,862483978,navsat_link,2,1,40.66343547333334,-74.56352365666666,38.13799999999999,0.004435559999999999,0.0,0.0,0.0,0.005055209999999999,0.0,0.0,0.0,207.36,1
1593996386.1843789,26492,1574795908,69359064,navsat_link,2,1,40.663437775,-74.56352188166667,38.122,0.004435559999999999,0.0,0.0,0.0,0.005184000000000001,0.0,0.0,0.0,207.36,1
1593996386.3794484,26493,1574795908,264277935,navsat_link,2,1,40.663440103333336,-74.56352064,38.041,0.004435559999999999,0.0,0.0,0.0,0.005314410000000001,0.0,0.0,0.0,207.36,1
1593996386.57565,26494,1574795908,459983110,navsat_link,2,1,40.6634424,-74.56351908166667,37.968,0.00467856,0.0,0.0,0.0,0.006561,0.0,0.0,0.0,207.36,1
1593996386.779011,26495,1574795908,664066076,navsat_link,2,1,40.66344418166667,-74.56351978666666,38.334999999999994,0.00455625,0.0,0.0,0.0,0.006561,0.0,0.0,0.0,207.36,1
1593996386.9817636,26496,1574795908,866605043,navsat_link,2,1,40.66344654833333,-74.56351927666667,38.316,0.004435559999999999,0.0,0.0,0.0,0.005055209999999999,0.0,0.0,0.0,207.36,1
1593996387.1779344,26497,1574795909,62829017,navsat_link,2,1,40.66344880333333,-74.56351839666667,38.265,0.004435559999999999,0.0,0.0,0.0,0.005055209999999999,0.0,0.0,0.0,207.36,1
1593996387.373863,26498,1574795909,259325981,navsat_link,2,1,40.66345162333333,-74.56351643666666,38.16799999999999,0.004435559999999999,0.0,0.0,0.0,0.005314410000000001,0.0,0.0,0.0,207.36,1
1593996387.571543,26499,1574795909,457191944,navsat_link,2,1,40.663453786666665,-74.56351576166666,38.172,0.004435559999999999,0.0,0.0,0.0,0.005055209999999999,0.0,0.0,0.0,207.36,1
1593996387.7812006,26500,1574795909,666045904,navsat_link,2,1,40.6634559,-74.56351490333333,38.138999999999996,0.004435559999999999,0.0,0.0,0.0,0.005055209999999999,0.0,0.0,0.0,207.36,1
1593996387.9723256,26501,1574795909,857738971,navsat_link,2,1,40.663458255,-74.56351370833333,38.102999999999994,0.004316489999999999,0.0,0.0,0.0,0.005055209999999999,0.0,0.0,0.0,207.36,1
1593996388.1973815,26502,1574795910,82531929,navsat_link,2,1,40.663460691666664,-74.56351226333334,38.116,0.004316489999999999,0.0,0.0,0.0,0.005055209999999999,0.0,0.0,0.0,207.36,1
1593996388.3787048,26503,1574795910,263487100,navsat_link,2,1,40.66346283166666,-74.56351119333333,38.122,0.004316489999999999,0.0,0.0,0.0,0.005055209999999999,0.0,0.0,0.0,207.36,1
1593996388.579142,26504,1574795910,464365959,navsat_link,2,1,40.66346527166667,-74.56351017166666,38.098,0.004316489999999999,0.0,0.0,0.0,0.005055209999999999,0.0,0.0,0.0,207.36,1
1593996388.7758656,26505,1574795910,661123991,navsat_link,2,1,40.66346763166667,-74.56350928166667,38.090999999999994,0.004316489999999999,0.0,0.0,0.0,0.00492804,0.0,0.0,0.0,207.36,1
1593996388.9806793,26506,1574795910,865891933,navsat_link,2,1,40.663470145,-74.563508515,38.084999999999994,0.004316489999999999,0.0,0.0,0.0,0.00492804,0.0,0.0,0.0,207.36,1
1593996389.2267127,26507,1574795911,112024068,navsat_link,2,1,40.663472445,-74.56350781166667,38.06399999999999,0.004316489999999999,0.0,0.0,0.0,0.00492804,0.0,0.0,0.0,207.36,1
1593996389.3804266,26508,1574795911,265511035,navsat_link,2,1,40.663474756666666,-74.56350684,38.06999999999999,0.004316489999999999,0.0,0.0,0.0,0.00492804,0.0,0.0,0.0,207.36,1
1593996389.5769615,26509,1574795911,461626052,navsat_link,2,1,40.66347714333333,-74.56350573166667,38.074,0.004316489999999999,0.0,0.0,0.0,0.00492804,0.0,0.0,0.0,207.36,1
1593996389.770004,26510,1574795911,655608892,navsat_link,2,1,40.66347939333333,-74.56350491333333,38.048,0.004316489999999999,0.0,0.0,0.0,0.00492804,0.0,0.0,0.0,207.36,1
1593996389.9813967,26511,1574795911,866545915,navsat_link,2,1,40.663481698333335,-74.563503825,38.03699999999999,0.004316489999999999,0.0,0.0,0.0,0.00492804,0.0,0.0,0.0,207.36,1
1593996390.2067235,26512,1574795912,91969966,navsat_link,2,1,40.663484026666666,-74.563502815,38.044,0.004316489999999999,0.0,0.0,0.0,0.00492804,0.0,0.0,0.0,207.36,1
1593996390.3783042,26513,1574795912,263981103,navsat_link,2,1,40.663486326666664,-74.56350138,38.038,0.004316489999999999,0.0,0.0,0.0,0.00492804,0.0,0.0,0.0,207.36,1
1593996390.5805922,26514,1574795912,465981960,navsat_link,2,1,40.66348854666667,-74.56350005666667,38.02499999999999,0.004199039999999999,0.0,0.0,0.0,0.00492804,0.0,0.0,0.0,207.36,1
1593996390.78112,26515,1574795912,666285991,navsat_link,2,1,40.663490785,-74.56349875166667,38.03099999999999,0.004199039999999999,0.0,0.0,0.0,0.00492804,0.0,0.0,0.0,207.36,1
1593996390.9724684,26516,1574795912,857991933,navsat_link,2,1,40.663493073333335,-74.563497625,38.013999999999996,0.004199039999999999,0.0,0.0,0.0,0.00480249,0.0,0.0,0.0,207.36,1
1593996391.203687,26517,1574795913,88427066,navsat_link,2,1,40.66349488666667,-74.563496755,37.991,0.004199039999999999,0.0,0.0,0.0,0.00492804,0.0,0.0,0.0,207.36,1
1593996391.3788142,26518,1574795913,264333009,navsat_link,2,1,40.663496906666666,-74.56349601666666,37.985,0.004199039999999999,0.0,0.0,0.0,0.00480249,0.0,0.0,0.0,207.36,1
1593996391.5780685,26519,1574795913,463268995,navsat_link,2,1,40.663498886666666,-74.56349553333334,37.977999999999994,0.004199039999999999,0.0,0.0,0.0,0.00480249,0.0,0.0,0.0,207.36,1
1593996391.779657,26520,1574795913,664876937,navsat_link,2,1,40.66350057166667,-74.56349533666666,37.97399999999999,0.004199039999999999,0.0,0.0,0.0,0.00480249,0.0,0.0,0.0,207.36,1
1593996391.9859426,26521,1574795913,871529102,navsat_link,2,1,40.663501645,-74.56349519166666,37.97699999999999,0.004199039999999999,0.0,0.0,0.0,0.00480249,0.0,0.0,0.0,207.36,1
1593996392.2169325,26522,1574795914,102344036,navsat_link,2,1,40.66350196166667,-74.56349501166666,37.97399999999999,0.004199039999999999,0.0,0.0,0.0,0.00480249,0.0,0.0,0.0,207.36,1
1593996392.372519,26523,1574795914,258044958,navsat_link,2,1,40.66350177333333,-74.56349460833333,37.962,0.004199039999999999,0.0,0.0,0.0,0.00480249,0.0,0.0,0.0,207.36,1
1593996392.5813727,26524,1574795914,466711997,navsat_link,2,1,40.66350103333333,-74.56349375833334,37.965999999999994,0.004199039999999999,0.0,0.0,0.0,0.00480249,0.0,0.0,0.0,207.36,1
1593996392.779428,26525,1574795914,664722919,navsat_link,2,1,40.663500623333334,-74.56349331666667,37.964,0.004199039999999999,0.0,0.0,0.0,0.00480249,0.0,0.0,0.0,207.36,1
1593996392.9789371,26526,1574795914,864614009,navsat_link,2,1,40.66350059333333,-74.563493325,37.97,0.004199039999999999,0.0,0.0,0.0,0.00480249,0.0,0.0,0.0,207.36,1
1593996393.2009404,26527,1574795915,86452960,navsat_link,2,1,40.663500686666666,-74.56349308,37.958,0.0040832099999999994,0.0,0.0,0.0,0.00480249,0.0,0.0,0.0,207.36,1
1593996393.3783793,26528,1574795915,263497114,navsat_link,2,1,40.66350088666667,-74.563492995,37.946,0.0040832099999999994,0.0,0.0,0.0,0.00480249,0.0,0.0,0.0,207.36,1
1593996393.58996,26529,1574795915,475076913,navsat_link,2,1,40.66350128166667,-74.563494165,37.95,0.0040832099999999994,0.0,0.0,0.0,0.00467856,0.0,0.0,0.0,207.36,1
1593996393.779107,26530,1574795915,664608955,navsat_link,2,1,40.66350173833333,-74.56349548833333,37.94799999999999,0.0040832099999999994,0.0,0.0,0.0,0.00467856,0.0,0.0,0.0,207.36,1
1593996393.987579,26531,1574795915,872976064,navsat_link,2,1,40.663502216666664,-74.56349756333333,37.947,0.0040832099999999994,0.0,0.0,0.0,0.00467856,0.0,0.0,0.0,207.36,1
1593996394.198727,26532,1574795916,84283113,navsat_link,2,1,40.663502728333334,-74.56350059166667,37.94,0.0040832099999999994,0.0,0.0,0.0,0.00467856,0.0,0.0,0.0,207.36,1
1593996394.3850477,26533,1574795916,269767999,navsat_link,2,1,40.663503213333335,-74.56350373166667,37.929,0.0040832099999999994,0.0,0.0,0.0,0.00467856,0.0,0.0,0.0,207.36,1
1593996394.5899422,26534,1574795916,475385904,navsat_link,2,1,40.66350367166667,-74.56350628833333,37.94,0.0040832099999999994,0.0,0.0,0.0,0.00480249,0.0,0.0,0.0,207.36,1
1593996394.7791538,26535,1574795916,664472103,navsat_link,2,1,40.663504196666665,-74.56350847833333,37.95099999999999,0.0040832099999999994,0.0,0.0,0.0,0.00480249,0.0,0.0,0.0,207.36,1
1593996394.9910448,26536,1574795916,874115943,navsat_link,2,1,40.663504785,-74.56351014333333,37.917,0.0040832099999999994,0.0,0.0,0.0,0.00467856,0.0,0.0,0.0,207.36,1
1593996395.186697,26537,1574795917,72057008,navsat_link,2,1,40.663505398333335,-74.56351192666666,37.911,0.0040832099999999994,0.0,0.0,0.0,0.00467856,0.0,0.0,0.0,207.36,1
1593996395.3894503,26538,1574795917,274590015,navsat_link,2,1,40.663506095,-74.56351352166666,37.90899999999999,0.0040832099999999994,0.0,0.0,0.0,0.00467856,0.0,0.0,0.0,207.36,1
1593996395.581508,26539,1574795917,466373920,navsat_link,2,1,40.66350666,-74.56351481166666,37.879999999999995,0.0040832099999999994,0.0,0.0,0.0,0.00467856,0.0,0.0,0.0,207.36,1
1593996395.783098,26540,1574795917,667164087,navsat_link,2,1,40.663507195,-74.56351616833334,37.861999999999995,0.003969000000000002,0.0,0.0,0.0,0.00467856,0.0,0.0,0.0,207.36,1
1593996395.9922483,26541,1574795917,876099109,navsat_link,2,1,40.663507795,-74.56351773666667,37.84899999999999,0.003969000000000002,0.0,0.0,0.0,0.00467856,0.0,0.0,0.0,207.36,1
1593996396.2011373,26542,1574795918,86396932,navsat_link,2,1,40.66350836833333,-74.56351935166667,37.845,0.003969000000000002,0.0,0.0,0.0,0.00467856,0.0,0.0,0.0,207.36,1
1593996396.3910506,26543,1574795918,275446891,navsat_link,2,1,40.66350892,-74.56352082,37.81399999999999,0.003969000000000002,0.0,0.0,0.0,0.00455625,0.0,0.0,0.0,207.36,1
1593996396.5928888,26544,1574795918,477591037,navsat_link,2,1,40.66350945,-74.56352262,37.788,0.003969000000000002,0.0,0.0,0.0,0.00455625,0.0,0.0,0.0,207.36,1
1593996396.7822945,26545,1574795918,667152881,navsat_link,2,1,40.66350985166667,-74.56352435333334,37.76899999999999,0.003969000000000002,0.0,0.0,0.0,0.00455625,0.0,0.0,0.0,207.36,1
1593996396.9927304,26546,1574795918,877557039,navsat_link,2,1,40.66351033,-74.563525845,37.768,0.003969000000000002,0.0,0.0,0.0,0.00455625,0.0,0.0,0.0,207.36,1
1593996397.1840813,26547,1574795919,68568944,navsat_link,2,1,40.66351077,-74.56352737666667,37.769999999999996,0.003969000000000002,0.0,0.0,0.0,0.00455625,0.0,0.0,0.0,207.36,1
1593996397.3996835,26548,1574795919,276937007,navsat_link,2,1,40.663511165,-74.56352903333334,37.766999999999996,0.003969000000000002,0.0,0.0,0.0,0.00455625,0.0,0.0,0.0,207.36,1
1593996397.5809562,26549,1574795919,465240001,navsat_link,2,1,40.663511685,-74.56353067333333,37.72699999999999,0.003969000000000002,0.0,0.0,0.0,0.00455625,0.0,0.0,0.0,207.36,1
1593996397.790125,26550,1574795919,674945116,navsat_link,2,1,40.66351201333333,-74.56353185333333,37.709,0.003969000000000002,0.0,0.0,0.0,0.00455625,0.0,0.0,0.0,207.36,1
1593996397.989812,26551,1574795919,875015974,navsat_link,2,1,40.663512385,-74.563532705,37.709,0.003969000000000002,0.0,0.0,0.0,0.00455625,0.0,0.0,0.0,207.36,1
1593996398.20193,26552,1574795920,87081909,navsat_link,2,1,40.663512455,-74.563532825,37.702,0.003969000000000002,0.0,0.0,0.0,0.00455625,0.0,0.0,0.0,207.36,1
1593996398.391807,26553,1574795920,276500940,navsat_link,2,1,40.66351297333333,-74.56353399666666,37.70099999999999,0.003969000000000002,0.0,0.0,0.0,0.00455625,0.0,0.0,0.0,207.36,1
1593996398.5900872,26554,1574795920,475106954,navsat_link,2,1,40.663513593333334,-74.56353513,37.68899999999999,0.003856410000000001,0.0,0.0,0.0,0.00455625,0.0,0.0,0.0,207.36,1
1593996398.7890744,26555,1574795920,674274921,navsat_link,2,1,40.66351427,-74.56353622666667,37.68299999999999,0.003856410000000001,0.0,0.0,0.0,0.004435559999999999,0.0,0.0,0.0,207.36,1
1593996398.9880404,26556,1574795920,872396945,navsat_link,2,1,40.663514453333335,-74.56353648333334,37.675,0.003856410000000001,0.0,0.0,0.0,0.004435559999999999,0.0,0.0,0.0,207.36,1
1593996399.1948783,26557,1574795921,79819917,navsat_link,2,1,40.66351444833333,-74.56353641,37.669,0.003856410000000001,0.0,0.0,0.0,0.004435559999999999,0.0,0.0,0.0,207.36,1
1593996399.4031575,26558,1574795921,288177967,navsat_link,2,1,40.663514971666665,-74.56353735,37.67,0.003856410000000001,0.0,0.0,0.0,0.004435559999999999,0.0,0.0,0.0,207.36,1
1593996399.5837064,26559,1574795921,468856096,navsat_link,2,1,40.66351592666667,-74.56353873833334,37.63199999999999,0.003856410000000001,0.0,0.0,0.0,0.004435559999999999,0.0,0.0,0.0,207.36,1
1593996399.7814863,26560,1574795921,666522026,navsat_link,2,1,40.66351684166667,-74.563539755,37.63799999999999,0.003856410000000001,0.0,0.0,0.0,0.004435559999999999,0.0,0.0,0.0,207.36,1
1593996399.9809692,26561,1574795921,865261077,navsat_link,2,1,40.66351773666667,-74.56354100333333,37.631,0.003856410000000001,0.0,0.0,0.0,0.004435559999999999,0.0,0.0,0.0,207.36,1
1593996400.1919706,26562,1574795922,76565980,navsat_link,2,1,40.663518761666666,-74.56354211,37.619,0.003856410000000001,0.0,0.0,0.0,0.004435559999999999,0.0,0.0,0.0,207.36,1
1593996400.3920028,26563,1574795922,277245044,navsat_link,2,1,40.66351973166667,-74.56354330833334,37.629999999999995,0.003856410000000001,0.0,0.0,0.0,0.004435559999999999,0.0,0.0,0.0,207.36,1
1593996400.580261,26564,1574795922,465727090,navsat_link,2,1,40.663520516666665,-74.56354428666667,37.61099999999999,0.003856410000000001,0.0,0.0,0.0,0.004435559999999999,0.0,0.0,0.0,207.36,1
1593996400.7822096,26565,1574795922,667505979,navsat_link,2,1,40.663521616666664,-74.56354547166667,37.596000000000004,0.003856410000000001,0.0,0.0,0.0,0.004435559999999999,0.0,0.0,0.0,207.36,1
1593996400.986969,26566,1574795922,871962070,navsat_link,2,1,40.66352271,-74.56354648333334,37.587999999999994,0.003856410000000001,0.0,0.0,0.0,0.004435559999999999,0.0,0.0,0.0,207.36,1
1593996401.181165,26567,1574795923,66812992,navsat_link,2,1,40.6635237,-74.56354747333333,37.584999999999994,0.003856410000000001,0.0,0.0,0.0,0.004435559999999999,0.0,0.0,0.0,207.36,1
1593996401.383294,26568,1574795923,268131971,navsat_link,2,1,40.66352468833333,-74.56354862666667,37.601,0.003856410000000001,0.0,0.0,0.0,0.004435559999999999,0.0,0.0,0.0,207.36,1
1593996401.5806272,26569,1574795923,465965032,navsat_link,2,1,40.663525656666664,-74.56354983,37.559,0.0037454400000000005,0.0,0.0,0.0,0.004316489999999999,0.0,0.0,0.0,207.36,1
1593996401.7806363,26570,1574795923,665757894,navsat_link,2,1,40.663526626666666,-74.56355100666667,37.56399999999999,0.0037454400000000005,0.0,0.0,0.0,0.004316489999999999,0.0,0.0,0.0,207.36,1
1593996401.9855342,26571,1574795923,870873928,navsat_link,2,1,40.6635275,-74.563552165,37.559,0.0037454400000000005,0.0,0.0,0.0,0.004316489999999999,0.0,0.0,0.0,207.36,1
1593996402.1959634,26572,1574795924,81262111,navsat_link,2,1,40.66352845666667,-74.56355329833333,37.55499999999999,0.0037454400000000005,0.0,0.0,0.0,0.004316489999999999,0.0,0.0,0.0,207.36,1
1593996402.39094,26573,1574795924,276113033,navsat_link,2,1,40.66352939833333,-74.56355459833334,37.528999999999996,0.0037454400000000005,0.0,0.0,0.0,0.004316489999999999,0.0,0.0,0.0,207.36,1
1593996402.582309,26574,1574795924,467824935,navsat_link,2,1,40.663530406666666,-74.56355580166667,37.53099999999999,0.0037454400000000005,0.0,0.0,0.0,0.004316489999999999,0.0,0.0,0.0,207.36,1
1593996402.7855332,26575,1574795924,670445919,navsat_link,2,1,40.66353131166667,-74.56355690166667,37.544,0.0037454400000000005,0.0,0.0,0.0,0.004316489999999999,0.0,0.0,0.0,207.36,1
1593996402.9856558,26576,1574795924,871315956,navsat_link,2,1,40.663532335,-74.56355808833334,37.524,0.0037454400000000005,0.0,0.0,0.0,0.004316489999999999,0.0,0.0,0.0,207.36,1
1593996403.1830153,26577,1574795925,68618059,navsat_link,2,1,40.66353326,-74.56355929833333,37.522999999999996,0.0037454400000000005,0.0,0.0,0.0,0.004316489999999999,0.0,0.0,0.0,207.36,1
1593996403.383152,26578,1574795925,268112897,navsat_link,2,1,40.66353422666667,-74.56356042,37.525999999999996,0.0037454400000000005,0.0,0.0,0.0,0.004316489999999999,0.0,0.0,0.0,207.36,1
1593996403.5814197,26579,1574795925,466633081,navsat_link,2,1,40.663535085,-74.56356155833333,37.506,0.0037454400000000005,0.0,0.0,0.0,0.004316489999999999,0.0,0.0,0.0,207.36,1
1593996403.7784734,26580,1574795925,664000988,navsat_link,2,1,40.663536103333335,-74.56356279833334,37.53,0.0037454400000000005,0.0,0.0,0.0,0.004316489999999999,0.0,0.0,0.0,207.36,1
1593996403.9767442,26581,1574795925,861947059,navsat_link,2,1,40.663536986666664,-74.56356409666667,37.50999999999999,0.0037454400000000005,0.0,0.0,0.0,0.004316489999999999,0.0,0.0,0.0,207.36,1
1593996404.1855295,26582,1574795926,71213960,navsat_link,2,1,40.66353791666667,-74.56356540833333,37.48299999999999,0.0037454400000000005,0.0,0.0,0.0,0.004316489999999999,0.0,0.0,0.0,207.36,1
1593996404.3819566,26583,1574795926,267483949,navsat_link,2,1,40.66353876833333,-74.56356663333334,37.48299999999999,0.0037454400000000005,0.0,0.0,0.0,0.004316489999999999,0.0,0.0,0.0,207.36,1
1593996404.588466,26584,1574795926,473803043,navsat_link,2,1,40.66353974,-74.56356784666667,37.47999999999999,0.0037454400000000005,0.0,0.0,0.0,0.004316489999999999,0.0,0.0,0.0,207.36,1
1593996404.7860863,26585,1574795926,671684026,navsat_link,2,1,40.66354053333333,-74.56356912166666,37.473,0.0037454400000000005,0.0,0.0,0.0,0.004316489999999999,0.0,0.0,0.0,207.36,1
1593996404.9848726,26586,1574795926,870551109,navsat_link,2,1,40.66354183666667,-74.56357107833334,37.47,0.0037454400000000005,0.0,0.0,0.0,0.004199039999999999,0.0,0.0,0.0,207.36,1
1593996405.1865273,26587,1574795927,71943998,navsat_link,2,1,40.663543491666665,-74.56357363,37.462,0.0036360900000000007,0.0,0.0,0.0,0.004199039999999999,0.0,0.0,0.0,207.36,1
1593996405.3845925,26588,1574795927,269994020,navsat_link,2,1,40.66354491,-74.56357603333333,37.435,0.0036360900000000007,0.0,0.0,0.0,0.004199039999999999,0.0,0.0,0.0,207.36,1
1593996405.585936,26589,1574795927,470959901,navsat_link,2,1,40.66354642,-74.56357857333333,37.42699999999999,0.0036360900000000007,0.0,0.0,0.0,0.004199039999999999,0.0,0.0,0.0,207.36,1
1593996405.7849743,26590,1574795927,669990062,navsat_link,2,1,40.66354811666667,-74.56358093166666,37.417,0.0036360900000000007,0.0,0.0,0.0,0.004199039999999999,0.0,0.0,0.0,207.36,1
1593996405.9854598,26591,1574795927,871041059,navsat_link,2,1,40.66354963333333,-74.56358329166666,37.40299999999999,0.0036360900000000007,0.0,0.0,0.0,0.004199039999999999,0.0,0.0,0.0,207.36,1
1593996406.1934714,26592,1574795928,79221010,navsat_link,2,1,40.66355145166666,-74.56358548166666,37.402,0.0036360900000000007,0.0,0.0,0.0,0.004199039999999999,0.0,0.0,0.0,207.36,1
1593996406.3907375,26593,1574795928,274665117,navsat_link,2,1,40.66355317,-74.563587745,37.385999999999996,0.0036360900000000007,0.0,0.0,0.0,0.004199039999999999,0.0,0.0,0.0,207.36,1
1593996406.5940113,26594,1574795928,479444026,navsat_link,2,1,40.66355477166667,-74.56358996833333,37.375,0.0036360900000000007,0.0,0.0,0.0,0.004199039999999999,0.0,0.0,0.0,207.36,1
1593996406.7842972,26595,1574795928,669076919,navsat_link,2,1,40.66355642,-74.563592465,37.37299999999999,0.0036360900000000007,0.0,0.0,0.0,0.004199039999999999,0.0,0.0,0.0,207.36,1
1593996406.9863439,26596,1574795928,871345043,navsat_link,2,1,40.66355800833333,-74.56359494333333,37.345,0.0036360900000000007,0.0,0.0,0.0,0.004199039999999999,0.0,0.0,0.0,207.36,1
1593996407.1892736,26597,1574795929,73702096,navsat_link,2,1,40.66355962,-74.56359725833333,37.343,0.0036360900000000007,0.0,0.0,0.0,0.004199039999999999,0.0,0.0,0.0,207.36,1
1593996407.3844447,26598,1574795929,269774913,navsat_link,2,1,40.66356121333333,-74.56359966166667,37.336,0.0036360900000000007,0.0,0.0,0.0,0.004199039999999999,0.0,0.0,0.0,207.36,1
1593996407.5979667,26599,1574795929,483097076,navsat_link,2,1,40.663562765,-74.56360222166667,37.319,0.0036360900000000007,0.0,0.0,0.0,0.004199039999999999,0.0,0.0,0.0,207.36,1
1593996407.7892509,26600,1574795929,674627065,navsat_link,2,1,40.66356421333333,-74.56360464666666,37.295,0.0036360900000000007,0.0,0.0,0.0,0.004199039999999999,0.0,0.0,0.0,207.36,1
1593996407.9863658,26601,1574795929,871558904,navsat_link,2,1,40.663565643333335,-74.56360727166667,37.30499999999999,0.0036360900000000007,0.0,0.0,0.0,0.004199039999999999,0.0,0.0,0.0,207.36,1
1593996408.1932087,26602,1574795930,78943014,navsat_link,2,1,40.663566978333336,-74.5636099,37.28399999999999,0.0036360900000000007,0.0,0.0,0.0,0.004199039999999999,0.0,0.0,0.0,207.36,1
1593996408.392061,26603,1574795930,276597976,navsat_link,2,1,40.66356828333333,-74.56361265,37.265,0.0036360900000000007,0.0,0.0,0.0,0.004199039999999999,0.0,0.0,0.0,207.36,1
1593996408.6181898,26604,1574795930,503518104,navsat_link,2,1,40.66356957666667,-74.56361542666667,37.24799999999999,0.0036360900000000007,0.0,0.0,0.0,0.004199039999999999,0.0,0.0,0.0,207.36,1
1593996408.7983263,26605,1574795930,677258014,navsat_link,2,1,40.663570738333334,-74.56361818,37.25,0.0036360900000000007,0.0,0.0,0.0,0.004199039999999999,0.0,0.0,0.0,207.36,1
1593996408.99041,26606,1574795930,875037908,navsat_link,2,1,40.663571901666664,-74.563620885,37.262,0.0036360900000000007,0.0,0.0,0.0,0.004199039999999999,0.0,0.0,0.0,207.36,1
1593996409.2006133,26607,1574795931,78989982,navsat_link,2,1,40.663572985,-74.56362399,37.23599999999999,0.0036360900000000007,0.0,0.0,0.0,0.004199039999999999,0.0,0.0,0.0,207.36,1
1593996409.3827798,26608,1574795931,267798900,navsat_link,2,1,40.66357399166667,-74.56362664333334,37.227999999999994,0.0036360900000000007,0.0,0.0,0.0,0.004199039999999999,0.0,0.0,0.0,207.36,1
1593996409.5895703,26609,1574795931,474698066,navsat_link,2,1,40.663574966666665,-74.56362931166667,37.24499999999999,0.0036360900000000007,0.0,0.0,0.0,0.0040832099999999994,0.0,0.0,0.0,207.36,1
1593996409.7842371,26610,1574795931,669173002,navsat_link,2,1,40.663576168333336,-74.56363134333333,37.22699999999999,0.0035283600000000004,0.0,0.0,0.0,0.0040832099999999994,0.0,0.0,0.0,207.36,1
1593996409.9821749,26611,1574795931,867206096,navsat_link,2,1,40.66357761,-74.56363384166667,37.239999999999995,0.0035283600000000004,0.0,0.0,0.0,0.0040832099999999994,0.0,0.0,0.0,207.36,1
1593996410.2091901,26612,1574795932,93775987,navsat_link,2,1,40.66357910166667,-74.563636395,37.244,0.0035283600000000004,0.0,0.0,0.0,0.0040832099999999994,0.0,0.0,0.0,207.36,1
1593996410.3791947,26613,1574795932,264656066,navsat_link,2,1,40.663580665,-74.56363883,37.229,0.0035283600000000004,0.0,0.0,0.0,0.0040832099999999994,0.0,0.0,0.0,207.36,1
1593996410.5912561,26614,1574795932,476586103,navsat_link,2,1,40.66358231666667,-74.56364133333334,37.251999999999995,0.0035283600000000004,0.0,0.0,0.0,0.0040832099999999994,0.0,0.0,0.0,207.36,1
1593996411.030757,26615,1574795932,916249990,navsat_link,2,1,40.66358379333333,-74.56364374166667,37.24499999999999,0.0036360900000000007,0.0,0.0,0.0,0.0040832099999999994,0.0,0.0,0.0,207.36,1
1593996411.0849643,26616,1574795932,970531940,navsat_link,2,1,40.66358525166667,-74.56364628333333,37.22999999999999,0.0035283600000000004,0.0,0.0,0.0,0.0040832099999999994,0.0,0.0,0.0,207.36,1
1593996411.1924944,26617,1574795933,77600955,navsat_link,2,1,40.663586693333336,-74.56364902333334,37.22399999999999,0.0035283600000000004,0.0,0.0,0.0,0.0040832099999999994,0.0,0.0,0.0,207.36,1
1593996411.378028,26618,1574795933,263544082,navsat_link,2,1,40.663588065,-74.56365176,37.208,0.0035283600000000004,0.0,0.0,0.0,0.0040832099999999994,0.0,0.0,0.0,207.36,1
1593996411.5833573,26619,1574795933,468863964,navsat_link,2,1,40.663589375,-74.56365409333333,37.224999999999994,0.0035283600000000004,0.0,0.0,0.0,0.0040832099999999994,0.0,0.0,0.0,207.36,1
1593996411.7903702,26620,1574795933,674959897,navsat_link,2,1,40.663590971666665,-74.56365677666666,37.233999999999995,0.0035283600000000004,0.0,0.0,0.0,0.0040832099999999994,0.0,0.0,0.0,207.36,1
1593996411.9870076,26621,1574795933,872319936,navsat_link,2,1,40.66359238,-74.56365914,37.22999999999999,0.0035283600000000004,0.0,0.0,0.0,0.0040832099999999994,0.0,0.0,0.0,207.36,1
1593996412.2017357,26622,1574795934,87328910,navsat_link,2,1,40.66359390833333,-74.56366179,37.221000000000004,0.0035283600000000004,0.0,0.0,0.0,0.0040832099999999994,0.0,0.0,0.0,207.36,1
1593996412.388414,26623,1574795934,273391962,navsat_link,2,1,40.663595398333335,-74.56366430333334,37.209999999999994,0.0035283600000000004,0.0,0.0,0.0,0.0040832099999999994,0.0,0.0,0.0,207.36,1
1593996412.5929453,26624,1574795934,478065967,navsat_link,2,1,40.66359679166667,-74.56366674833333,37.224999999999994,0.0035283600000000004,0.0,0.0,0.0,0.0040832099999999994,0.0,0.0,0.0,207.36,1
1593996412.7847173,26625,1574795934,670064926,navsat_link,2,1,40.66359833666667,-74.56366936666667,37.230999999999995,0.0035283600000000004,0.0,0.0,0.0,0.0040832099999999994,0.0,0.0,0.0,207.36,1
1593996412.9886644,26626,1574795934,873676061,navsat_link,2,1,40.663599835,-74.563671685,37.245999999999995,0.0035283600000000004,0.0,0.0,0.0,0.0040832099999999994,0.0,0.0,0.0,207.36,1
1593996413.187607,26627,1574795935,72665929,navsat_link,2,1,40.663601318333335,-74.56367416666667,37.24199999999999,0.0035283600000000004,0.0,0.0,0.0,0.004199039999999999,0.0,0.0,0.0,207.36,1
1593996413.3902826,26628,1574795935,275500059,navsat_link,2,1,40.66360288333333,-74.56367652333333,37.257999999999996,0.0035283600000000004,0.0,0.0,0.0,0.0040832099999999994,0.0,0.0,0.0,207.36,1
1593996413.5808005,26629,1574795935,466123104,navsat_link,2,1,40.663604258333336,-74.563678925,37.253,0.0035283600000000004,0.0,0.0,0.0,0.0040832099999999994,0.0,0.0,0.0,207.36,1
1593996413.7921598,26630,1574795935,677372932,navsat_link,2,1,40.663605385,-74.56368042,37.274,0.0035283600000000004,0.0,0.0,0.0,0.0040832099999999994,0.0,0.0,0.0,207.36,1
1593996414.0012548,26631,1574795935,886667966,navsat_link,2,1,40.66360617666667,-74.56368246833334,37.257999999999996,0.0035283600000000004,0.0,0.0,0.0,0.0040832099999999994,0.0,0.0,0.0,207.36,1
1593996414.1962175,26632,1574795936,81907987,navsat_link,2,1,40.663606925,-74.56368496,37.257999999999996,0.0035283600000000004,0.0,0.0,0.0,0.0040832099999999994,0.0,0.0,0.0,207.36,1
1593996414.3933952,26633,1574795936,278554916,navsat_link,2,1,40.66360785333333,-74.563687825,37.271,0.0035283600000000004,0.0,0.0,0.0,0.0040832099999999994,0.0,0.0,0.0,207.36,1
1593996414.581532,26634,1574795936,466953992,navsat_link,2,1,40.663608733333334,-74.56369076,37.27499999999999,0.0035283600000000004,0.0,0.0,0.0,0.0040832099999999994,0.0,0.0,0.0,207.36,1
1593996414.784951,26635,1574795936,670511960,navsat_link,2,1,40.66360968666667,-74.56369359666667,37.312,0.0034222500000000004,0.0,0.0,0.0,0.003856410000000001,0.0,0.0,0.0,207.36,1
1593996414.9890885,26636,1574795936,874459981,navsat_link,2,1,40.663610698333336,-74.56369641833334,37.301,0.0033177600000000008,0.0,0.0,0.0,0.003856410000000001,0.0,0.0,0.0,207.36,1
1593996415.1873748,26637,1574795937,73093891,navsat_link,2,1,40.663611833333334,-74.56369933166667,37.31999999999999,0.0033177600000000008,0.0,0.0,0.0,0.003856410000000001,0.0,0.0,0.0,207.36,1
1593996415.3827531,26638,1574795937,267817974,navsat_link,2,1,40.66361292333333,-74.5637021,37.31399999999999,0.0033177600000000008,0.0,0.0,0.0,0.003856410000000001,0.0,0.0,0.0,207.36,1
1593996415.5809202,26639,1574795937,466274976,navsat_link,2,1,40.66361406833333,-74.56370494833334,37.28999999999999,0.0033177600000000008,0.0,0.0,0.0,0.003856410000000001,0.0,0.0,0.0,207.36,1
1593996415.8150547,26640,1574795937,700402975,navsat_link,2,1,40.66361522333333,-74.56370780833333,37.286,0.0033177600000000008,0.0,0.0,0.0,0.003856410000000001,0.0,0.0,0.0,207.36,1
1593996415.9980972,26641,1574795937,883254051,navsat_link,2,1,40.6636163,-74.56371059666667,37.294,0.0033177600000000008,0.0,0.0,0.0,0.003856410000000001,0.0,0.0,0.0,207.36,1
1593996416.1869745,26642,1574795938,72186946,navsat_link,2,1,40.66361749666667,-74.56371333833333,37.313,0.0033177600000000008,0.0,0.0,0.0,0.003856410000000001,0.0,0.0,0.0,207.36,1
1593996416.3877351,26643,1574795938,273272037,navsat_link,2,1,40.663618686666666,-74.56371577,37.321,0.0033177600000000008,0.0,0.0,0.0,0.003856410000000001,0.0,0.0,0.0,207.36,1
1593996416.5863447,26644,1574795938,471791982,navsat_link,2,1,40.663619885,-74.56371782833334,37.318,0.0033177600000000008,0.0,0.0,0.0,0.003856410000000001,0.0,0.0,0.0,207.36,1
1593996416.817164,26645,1574795938,701153039,navsat_link,2,1,40.663621666666664,-74.56372026833333,37.331999999999994,0.0033177600000000008,0.0,0.0,0.0,0.003856410000000001,0.0,0.0,0.0,207.36,1
1593996416.9986267,26646,1574795938,884047031,navsat_link,2,1,40.6636233,-74.56372223666666,37.316,0.0033177600000000008,0.0,0.0,0.0,0.003856410000000001,0.0,0.0,0.0,207.36,1
1593996417.1912875,26647,1574795939,76827049,navsat_link,2,1,40.663625145,-74.56372468,37.312,0.0033177600000000008,0.0,0.0,0.0,0.003856410000000001,0.0,0.0,0.0,207.36,1
1593996417.381125,26648,1574795939,266197919,navsat_link,2,1,40.66362676333333,-74.563726915,37.32599999999999,0.0033177600000000008,0.0,0.0,0.0,0.003856410000000001,0.0,0.0,0.0,207.36,1
1593996417.5822382,26649,1574795939,467587947,navsat_link,2,1,40.66362805,-74.56372916333333,37.315,0.0033177600000000008,0.0,0.0,0.0,0.003856410000000001,0.0,0.0,0.0,207.36,1
1593996417.8268838,26650,1574795939,711733102,navsat_link,2,1,40.663629535,-74.56373159,37.321,0.0033177600000000008,0.0,0.0,0.0,0.003856410000000001,0.0,0.0,0.0,207.36,1
1593996417.987571,26651,1574795939,872730016,navsat_link,2,1,40.663630686666664,-74.56373380166667,37.316,0.00321489,0.0,0.0,0.0,0.003856410000000001,0.0,0.0,0.0,207.36,1
1593996418.203772,26652,1574795940,88793992,navsat_link,2,1,40.663632598333336,-74.56373631833333,37.346000000000004,0.00321489,0.0,0.0,0.0,0.003856410000000001,0.0,0.0,0.0,207.36,1
1593996418.3884158,26653,1574795940,273159027,navsat_link,2,1,40.663634315,-74.56373801333334,37.36,0.00321489,0.0,0.0,0.0,0.003856410000000001,0.0,0.0,0.0,207.36,1
1593996418.586416,26654,1574795940,471344947,navsat_link,2,1,40.66363609333333,-74.563740215,37.35199999999999,0.00321489,0.0,0.0,0.0,0.0037454400000000005,0.0,0.0,0.0,207.36,1
1593996418.804585,26655,1574795940,690058946,navsat_link,2,1,40.66363778666667,-74.56374215166667,37.348,0.00321489,0.0,0.0,0.0,0.0037454400000000005,0.0,0.0,0.0,207.36,1
1593996419.0013585,26656,1574795940,886446952,navsat_link,2,1,40.66363911,-74.56374402,37.364999999999995,0.00321489,0.0,0.0,0.0,0.0037454400000000005,0.0,0.0,0.0,207.36,1
1593996419.1974578,26657,1574795941,81430912,navsat_link,2,1,40.663640235,-74.563745905,37.387,0.00321489,0.0,0.0,0.0,0.0037454400000000005,0.0,0.0,0.0,207.36,1
1593996419.384431,26658,1574795941,269907951,navsat_link,2,1,40.663641608333336,-74.563748705,37.385999999999996,0.00321489,0.0,0.0,0.0,0.0037454400000000005,0.0,0.0,0.0,207.36,1
1593996419.5886936,26659,1574795941,473067045,navsat_link,2,1,40.66364285666667,-74.56375138166666,37.400999999999996,0.00321489,0.0,0.0,0.0,0.0037454400000000005,0.0,0.0,0.0,207.36,1
1593996419.8144274,26660,1574795941,699820995,navsat_link,2,1,40.66364414666667,-74.563754075,37.40899999999999,0.00321489,0.0,0.0,0.0,0.0037454400000000005,0.0,0.0,0.0,207.36,1
1593996419.9900842,26661,1574795941,874247074,navsat_link,2,1,40.663645343333336,-74.563756485,37.431,0.00321489,0.0,0.0,0.0,0.0037454400000000005,0.0,0.0,0.0,207.36,1
1593996420.2046068,26662,1574795942,89359998,navsat_link,2,1,40.66364668666667,-74.56375868833334,37.45099999999999,0.00321489,0.0,0.0,0.0,0.0037454400000000005,0.0,0.0,0.0,207.36,1
1593996420.3843634,26663,1574795942,269604921,navsat_link,2,1,40.66364843666667,-74.563760885,37.462999999999994,0.00321489,0.0,0.0,0.0,0.0037454400000000005,0.0,0.0,0.0,207.36,1
1593996420.5904746,26664,1574795942,474289894,navsat_link,2,1,40.66364999166667,-74.56376280166667,37.47,0.00321489,0.0,0.0,0.0,0.0037454400000000005,0.0,0.0,0.0,207.36,1
1593996420.8012795,26665,1574795942,685604095,navsat_link,2,1,40.663651635,-74.56376524166667,37.465999999999994,0.0031136400000000004,0.0,0.0,0.0,0.0037454400000000005,0.0,0.0,0.0,207.36,1
1593996420.991471,26666,1574795942,876069068,navsat_link,2,1,40.66365282,-74.563767265,37.495999999999995,0.0031136400000000004,0.0,0.0,0.0,0.0037454400000000005,0.0,0.0,0.0,207.36,1
1593996421.1946225,26667,1574795943,79360008,navsat_link,2,1,40.663654415,-74.56376963833333,37.525999999999996,0.0031136400000000004,0.0,0.0,0.0,0.0037454400000000005,0.0,0.0,0.0,207.36,1
1593996421.38712,26668,1574795943,271835088,navsat_link,2,1,40.663656208333336,-74.563772035,37.548,0.0031136400000000004,0.0,0.0,0.0,0.0037454400000000005,0.0,0.0,0.0,207.36,1
1593996421.5853298,26669,1574795943,470307111,navsat_link,2,1,40.663657865,-74.56377422666667,37.541,0.0031136400000000004,0.0,0.0,0.0,0.0037454400000000005,0.0,0.0,0.0,207.36,1
1593996421.793676,26670,1574795943,678811073,navsat_link,2,1,40.66365969333334,-74.56377661666667,37.542,0.0031136400000000004,0.0,0.0,0.0,0.0037454400000000005,0.0,0.0,0.0,207.36,1
1593996421.9825041,26671,1574795943,867604017,navsat_link,2,1,40.66366117333333,-74.56377855,37.554,0.0031136400000000004,0.0,0.0,0.0,0.0036360900000000007,0.0,0.0,0.0,207.36,1
1593996422.1969192,26672,1574795944,82192897,navsat_link,2,1,40.663662683333335,-74.56378106666666,37.575,0.0031136400000000004,0.0,0.0,0.0,0.0036360900000000007,0.0,0.0,0.0,207.36,1
1593996422.3851414,26673,1574795944,270411014,navsat_link,2,1,40.663664165,-74.56378372333333,37.592,0.0031136400000000004,0.0,0.0,0.0,0.0036360900000000007,0.0,0.0,0.0,207.36,1
1593996422.5859673,26674,1574795944,471393108,navsat_link,2,1,40.663665475,-74.563786025,37.61699999999999,0.0031136400000000004,0.0,0.0,0.0,0.0036360900000000007,0.0,0.0,0.0,207.36,1
1593996422.78866,26675,1574795944,673959970,navsat_link,2,1,40.663666595,-74.563787455,37.598,0.0031136400000000004,0.0,0.0,0.0,0.0036360900000000007,0.0,0.0,0.0,207.36,1
1593996422.9904945,26676,1574795944,876043081,navsat_link,2,1,40.663668235,-74.563789165,37.61699999999999,0.0031136400000000004,0.0,0.0,0.0,0.0036360900000000007,0.0,0.0,0.0,207.36,1
1593996423.1944182,26677,1574795945,79077959,navsat_link,2,1,40.663670195,-74.56379140166666,37.626999999999995,0.0031136400000000004,0.0,0.0,0.0,0.0036360900000000007,0.0,0.0,0.0,207.36,1
1593996423.3820279,26678,1574795945,267357110,navsat_link,2,1,40.66367207333333,-74.56379351,37.644999999999996,0.0031136400000000004,0.0,0.0,0.0,0.0036360900000000007,0.0,0.0,0.0,207.36,1
1593996423.5866203,26679,1574795945,471858978,navsat_link,2,1,40.663673485,-74.56379511,37.653999999999996,0.0031136400000000004,0.0,0.0,0.0,0.0036360900000000007,0.0,0.0,0.0,207.36,1
1593996423.7909412,26680,1574795945,676492929,navsat_link,2,1,40.66367531,-74.563796645,37.655,0.0030140099999999997,0.0,0.0,0.0,0.0036360900000000007,0.0,0.0,0.0,207.36,1
1593996423.9860754,26681,1574795945,871066093,navsat_link,2,1,40.66367699833334,-74.56379769,37.69,0.0030140099999999997,0.0,0.0,0.0,0.0036360900000000007,0.0,0.0,0.0,207.36,1
1593996424.1968334,26682,1574795946,82148075,navsat_link,2,1,40.663678798333336,-74.563798815,37.697,0.0030140099999999997,0.0,0.0,0.0,0.0036360900000000007,0.0,0.0,0.0,207.36,1
1593996424.3928628,26683,1574795946,277714014,navsat_link,2,1,40.66368112,-74.563800075,37.67999999999999,0.0030140099999999997,0.0,0.0,0.0,0.0036360900000000007,0.0,0.0,0.0,207.36,1
1593996424.5923817,26684,1574795946,477647066,navsat_link,2,1,40.663683488333334,-74.563801205,37.68899999999999,0.0030140099999999997,0.0,0.0,0.0,0.0036360900000000007,0.0,0.0,0.0,207.36,1
1593996424.7912476,26685,1574795946,676625013,navsat_link,2,1,40.66368568833333,-74.56380218166667,37.68299999999999,0.0030140099999999997,0.0,0.0,0.0,0.0036360900000000007,0.0,0.0,0.0,207.36,1
1593996424.9826734,26686,1574795946,868177890,navsat_link,2,1,40.66368723833333,-74.563803015,37.715,0.0030140099999999997,0.0,0.0,0.0,0.0036360900000000007,0.0,0.0,0.0,207.36,1
1593996425.1918705,26687,1574795947,76852083,navsat_link,2,1,40.663688405,-74.56380401833333,37.709,0.0030140099999999997,0.0,0.0,0.0,0.0036360900000000007,0.0,0.0,0.0,207.36,1
1593996425.3894339,26688,1574795947,274877071,navsat_link,2,1,40.66369006,-74.56380568166666,37.702,0.0030140099999999997,0.0,0.0,0.0,0.0036360900000000007,0.0,0.0,0.0,207.36,1
1593996425.586392,26689,1574795947,471366882,navsat_link,2,1,40.66369196,-74.56380705333333,37.712999999999994,0.0030140099999999997,0.0,0.0,0.0,0.0035283600000000004,0.0,0.0,0.0,207.36,1
1593996425.7826688,26690,1574795947,668286085,navsat_link,2,1,40.66369400666667,-74.56380814833334,37.73899999999999,0.0030140099999999997,0.0,0.0,0.0,0.0035283600000000004,0.0,0.0,0.0,207.36,1
1593996425.987775,26691,1574795947,873189926,navsat_link,2,1,40.663696318333336,-74.56380954,37.726,0.0030140099999999997,0.0,0.0,0.0,0.0035283600000000004,0.0,0.0,0.0,207.36,1
1593996426.1955335,26692,1574795948,80925941,navsat_link,2,1,40.66369857,-74.563810535,37.735,0.0030140099999999997,0.0,0.0,0.0,0.0035283600000000004,0.0,0.0,0.0,207.36,1
1593996426.385143,26693,1574795948,270838022,navsat_link,2,1,40.66370048,-74.56381164666666,37.741,0.0030140099999999997,0.0,0.0,0.0,0.0035283600000000004,0.0,0.0,0.0,207.36,1
1593996426.5900283,26694,1574795948,475295066,navsat_link,2,1,40.66370226,-74.563812965,37.753,0.0030140099999999997,0.0,0.0,0.0,0.0035283600000000004,0.0,0.0,0.0,207.36,1
1593996426.7891264,26695,1574795948,674448966,navsat_link,2,1,40.66370434833333,-74.563814985,37.751999999999995,0.0030140099999999997,0.0,0.0,0.0,0.0035283600000000004,0.0,0.0,0.0,207.36,1
1593996427.0089812,26696,1574795948,893948078,navsat_link,2,1,40.663705973333336,-74.56381640333333,37.757999999999996,0.0030140099999999997,0.0,0.0,0.0,0.0035283600000000004,0.0,0.0,0.0,207.36,1
1593996427.1895,26697,1574795949,74522018,navsat_link,2,1,40.663707663333334,-74.56381741166666,37.757999999999996,0.0029159999999999998,0.0,0.0,0.0,0.0035283600000000004,0.0,0.0,0.0,207.36,1
1593996427.3923028,26698,1574795949,276201963,navsat_link,2,1,40.663709708333336,-74.56381852166666,37.75099999999999,0.0029159999999999998,0.0,0.0,0.0,0.0035283600000000004,0.0,0.0,0.0,207.36,1
1593996427.5877388,26699,1574795949,473244905,navsat_link,2,1,40.663711443333334,-74.56381932,37.75999999999999,0.0029159999999999998,0.0,0.0,0.0,0.0035283600000000004,0.0,0.0,0.0,207.36,1
1593996427.789047,26700,1574795949,674535989,navsat_link,2,1,40.663712895,-74.56381962166667,37.74799999999999,0.0029159999999999998,0.0,0.0,0.0,0.0035283600000000004,0.0,0.0,0.0,207.36,1
1593996428.010538,26701,1574795949,894670009,navsat_link,2,1,40.66371382166667,-74.56381992166666,37.745999999999995,0.0029159999999999998,0.0,0.0,0.0,0.0035283600000000004,0.0,0.0,0.0,207.36,1
1593996428.1889644,26702,1574795950,74590921,navsat_link,2,1,40.663715005,-74.56382018833334,37.76299999999999,0.0029159999999999998,0.0,0.0,0.0,0.0035283600000000004,0.0,0.0,0.0,207.36,1
1593996428.381054,26703,1574795950,266613006,navsat_link,2,1,40.663716066666666,-74.56382050166667,37.75699999999999,0.0029159999999999998,0.0,0.0,0.0,0.0035283600000000004,0.0,0.0,0.0,207.36,1
1593996428.58378,26704,1574795950,467140913,navsat_link,2,1,40.663717076666664,-74.563820825,37.771,0.0029159999999999998,0.0,0.0,0.0,0.0035283600000000004,0.0,0.0,0.0,207.36,1
1593996428.7852294,26705,1574795950,670346021,navsat_link,2,1,40.66371815666667,-74.56382099333334,37.76299999999999,0.0029159999999999998,0.0,0.0,0.0,0.0035283600000000004,0.0,0.0,0.0,207.36,1
1593996429.009317,26706,1574795950,894351005,navsat_link,2,1,40.66371924,-74.56382094666667,37.760999999999996,0.0029159999999999998,0.0,0.0,0.0,0.0034222500000000004,0.0,0.0,0.0,207.36,1
1593996429.189677,26707,1574795951,74623107,navsat_link,2,1,40.66372054333333,-74.5638207,37.744,0.0029159999999999998,0.0,0.0,0.0,0.0034222500000000004,0.0,0.0,0.0,207.36,1
1593996429.39179,26708,1574795951,277205944,navsat_link,2,1,40.66372112166667,-74.563820355,37.769999999999996,0.0029159999999999998,0.0,0.0,0.0,0.0034222500000000004,0.0,0.0,0.0,207.36,1
1593996429.5928326,26709,1574795951,478058099,navsat_link,2,1,40.66372274166667,-74.56382062333333,37.766999999999996,0.0029159999999999998,0.0,0.0,0.0,0.0034222500000000004,0.0,0.0,0.0,207.36,1
1593996429.7921371,26710,1574795951,677638053,navsat_link,2,1,40.663723955,-74.56382069,37.76599999999999,0.0029159999999999998,0.0,0.0,0.0,0.0034222500000000004,0.0,0.0,0.0,207.36,1
1593996430.0019004,26711,1574795951,887294054,navsat_link,2,1,40.66372521,-74.563820765,37.791,0.0029159999999999998,0.0,0.0,0.0,0.0034222500000000004,0.0,0.0,0.0,207.36,1
1593996430.2054834,26712,1574795952,90466022,navsat_link,2,1,40.663726665,-74.56382096833333,37.778999999999996,0.0029159999999999998,0.0,0.0,0.0,0.0034222500000000004,0.0,0.0,0.0,207.36,1
1593996430.3857567,26713,1574795952,270390987,navsat_link,2,1,40.663727943333335,-74.56382126333334,37.76599999999999,0.0029159999999999998,0.0,0.0,0.0,0.0034222500000000004,0.0,0.0,0.0,207.36,1
1593996430.5900455,26714,1574795952,474831104,navsat_link,2,1,40.66372920166667,-74.56382144166666,37.777,0.00281961,0.0,0.0,0.0,0.0034222500000000004,0.0,0.0,0.0,207.36,1
1593996430.7991211,26715,1574795952,684220075,navsat_link,2,1,40.663730478333335,-74.56382172833334,37.79599999999999,0.00281961,0.0,0.0,0.0,0.0034222500000000004,0.0,0.0,0.0,207.36,1
1593996431.0125003,26716,1574795952,897663116,navsat_link,2,1,40.663731768333335,-74.563822045,37.786,0.00281961,0.0,0.0,0.0,0.0034222500000000004,0.0,0.0,0.0,207.36,1
1593996431.1851163,26717,1574795953,70000886,navsat_link,2,1,40.66373315,-74.56382214833333,37.78,0.00281961,0.0,0.0,0.0,0.0034222500000000004,0.0,0.0,0.0,207.36,1
1593996431.3843813,26718,1574795953,269634962,navsat_link,2,1,40.66373425333333,-74.56382220333333,37.78099999999999,0.00281961,0.0,0.0,0.0,0.0034222500000000004,0.0,0.0,0.0,207.36,1
1593996431.5840766,26719,1574795953,468763113,navsat_link,2,1,40.663734713333334,-74.563822055,37.798,0.00281961,0.0,0.0,0.0,0.0034222500000000004,0.0,0.0,0.0,207.36,1
1593996431.798667,26720,1574795953,683042049,navsat_link,2,1,40.6637347,-74.56382209166667,37.785,0.00281961,0.0,0.0,0.0,0.0034222500000000004,0.0,0.0,0.0,207.36,1
1593996431.9840496,26721,1574795953,869206905,navsat_link,2,1,40.663735521666666,-74.56382250666667,37.77799999999999,0.00281961,0.0,0.0,0.0,0.0034222500000000004,0.0,0.0,0.0,207.36,1
1593996432.2081532,26722,1574795954,92755079,navsat_link,2,1,40.663736855,-74.56382310666666,37.756,0.00281961,0.0,0.0,0.0,0.0034222500000000004,0.0,0.0,0.0,207.36,1
1593996432.3891132,26723,1574795954,274254083,navsat_link,2,1,40.663738163333335,-74.563823475,37.736999999999995,0.00281961,0.0,0.0,0.0,0.0034222500000000004,0.0,0.0,0.0,207.36,1
1593996432.5867517,26724,1574795954,471824884,navsat_link,2,1,40.66374054,-74.56382374833333,37.75099999999999,0.00281961,0.0,0.0,0.0,0.0034222500000000004,0.0,0.0,0.0,207.36,1
1593996432.7892058,26725,1574795954,673985004,navsat_link,2,1,40.663742945,-74.56382434333334,37.75,0.00281961,0.0,0.0,0.0,0.0033177600000000008,0.0,0.0,0.0,207.36,1
1593996432.9903915,26726,1574795954,875669002,navsat_link,2,1,40.66374540666666,-74.56382481833333,37.702,0.00281961,0.0,0.0,0.0,0.0033177600000000008,0.0,0.0,0.0,207.36,1
1593996433.191177,26727,1574795955,76317071,navsat_link,2,1,40.663747568333335,-74.56382527666666,37.679,0.00281961,0.0,0.0,0.0,0.0033177600000000008,0.0,0.0,0.0,207.36,1
1593996433.3921576,26728,1574795955,275930881,navsat_link,2,1,40.66375000833333,-74.56382576,37.715,0.00281961,0.0,0.0,0.0,0.0033177600000000008,0.0,0.0,0.0,207.36,1
1593996433.5903776,26729,1574795955,475346088,navsat_link,2,1,40.66375242833333,-74.56382625166667,37.712999999999994,0.00281961,0.0,0.0,0.0,0.0033177600000000008,0.0,0.0,0.0,207.36,1
1593996433.794195,26730,1574795955,679408073,navsat_link,2,1,40.66375480166667,-74.56382672166667,37.684,0.00281961,0.0,0.0,0.0,0.0033177600000000008,0.0,0.0,0.0,207.36,1
1593996433.9825773,26731,1574795955,867713928,navsat_link,2,1,40.663757265,-74.56382714833333,37.67999999999999,0.00281961,0.0,0.0,0.0,0.0033177600000000008,0.0,0.0,0.0,207.36,1
1593996434.1946852,26732,1574795956,79447984,navsat_link,2,1,40.66375976166667,-74.56382733166667,37.678,0.00281961,0.0,0.0,0.0,0.0033177600000000008,0.0,0.0,0.0,207.36,1
1593996434.3833897,26733,1574795956,268518924,navsat_link,2,1,40.663762015,-74.56382761166667,37.66499999999999,0.00281961,0.0,0.0,0.0,0.0033177600000000008,0.0,0.0,0.0,207.36,1
1593996434.582649,26734,1574795956,467937946,navsat_link,2,1,40.663764461666666,-74.56382770333333,37.66199999999999,0.00281961,0.0,0.0,0.0,0.0033177600000000008,0.0,0.0,0.0,207.36,1
1593996434.786923,26735,1574795956,672228097,navsat_link,2,1,40.663766816666666,-74.56382786333333,37.638999999999996,0.00281961,0.0,0.0,0.0,0.0033177600000000008,0.0,0.0,0.0,207.36,1
1593996434.9830625,26736,1574795956,868571996,navsat_link,2,1,40.663769251666665,-74.56382780833333,37.641999999999996,0.0027248400000000005,0.0,0.0,0.0,0.0033177600000000008,0.0,0.0,0.0,207.36,1
1593996435.1871662,26737,1574795957,72680950,navsat_link,2,1,40.663771776666664,-74.56382756666666,37.646,0.00281961,0.0,0.0,0.0,0.0033177600000000008,0.0,0.0,0.0,207.36,1
1593996435.3855197,26738,1574795957,270787000,navsat_link,2,1,40.663774105,-74.56382759666667,37.61099999999999,0.0027248400000000005,0.0,0.0,0.0,0.0033177600000000008,0.0,0.0,0.0,207.36,1
1593996435.5846558,26739,1574795957,469791889,navsat_link,2,1,40.663776505,-74.56382757,37.625,0.0027248400000000005,0.0,0.0,0.0,0.0033177600000000008,0.0,0.0,0.0,207.36,1
1593996435.778468,26740,1574795957,663850069,navsat_link,2,1,40.66377908166667,-74.56382729833334,37.663,0.0027248400000000005,0.0,0.0,0.0,0.0033177600000000008,0.0,0.0,0.0,207.36,1
1593996435.9766157,26741,1574795957,862210988,navsat_link,2,1,40.663780888333335,-74.56382719166666,37.66499999999999,0.0027248400000000005,0.0,0.0,0.0,0.0033177600000000008,0.0,0.0,0.0,207.36,1
1593996436.2149088,26742,1574795958,99752902,navsat_link,2,1,40.66378303,-74.563827085,37.709,0.0027248400000000005,0.0,0.0,0.0,0.0033177600000000008,0.0,0.0,0.0,207.36,1
1593996436.3835719,26743,1574795958,269090890,navsat_link,2,1,40.663784828333334,-74.5638275,37.631,0.0027248400000000005,0.0,0.0,0.0,0.0033177600000000008,0.0,0.0,0.0,207.36,1
1593996436.582954,26744,1574795958,468238115,navsat_link,2,1,40.66378726,-74.56382866333334,37.64999999999999,0.0027248400000000005,0.0,0.0,0.0,0.0033177600000000008,0.0,0.0,0.0,207.36,1
1593996436.78235,26745,1574795958,668021917,navsat_link,2,1,40.66378928666666,-74.56382940333333,37.697,0.0027248400000000005,0.0,0.0,0.0,0.0033177600000000008,0.0,0.0,0.0,207.36,1
1593996436.9823816,26746,1574795958,867782115,navsat_link,2,1,40.66379191666667,-74.56382987333333,37.682,0.0027248400000000005,0.0,0.0,0.0,0.00321489,0.0,0.0,0.0,207.36,1
1593996437.1926775,26747,1574795959,78170061,navsat_link,2,1,40.663794355,-74.56383055166667,37.638999999999996,0.0027248400000000005,0.0,0.0,0.0,0.00321489,0.0,0.0,0.0,207.36,1
1593996437.3788056,26748,1574795959,264446020,navsat_link,2,1,40.66379679833334,-74.56383133333334,37.638999999999996,0.0027248400000000005,0.0,0.0,0.0,0.00321489,0.0,0.0,0.0,207.36,1
1593996437.5773864,26749,1574795959,462449073,navsat_link,2,1,40.663799123333334,-74.563831995,37.666,0.0027248400000000005,0.0,0.0,0.0,0.00321489,0.0,0.0,0.0,207.36,1
1593996437.785236,26750,1574795959,670840024,navsat_link,2,1,40.66380160666667,-74.56383287,37.679,0.0027248400000000005,0.0,0.0,0.0,0.00321489,0.0,0.0,0.0,207.36,1
1593996437.987399,26751,1574795959,872374057,navsat_link,2,1,40.663803735,-74.56383330333334,37.68599999999999,0.0027248400000000005,0.0,0.0,0.0,0.00321489,0.0,0.0,0.0,207.36,1
1593996438.1917732,26752,1574795960,77483892,navsat_link,2,1,40.66380632,-74.563833845,37.67699999999999,0.0027248400000000005,0.0,0.0,0.0,0.00321489,0.0,0.0,0.0,207.36,1
1593996438.3819048,26753,1574795960,267311096,navsat_link,2,1,40.66380859666667,-74.56383438666667,37.73599999999999,0.0027248400000000005,0.0,0.0,0.0,0.00321489,0.0,0.0,0.0,207.36,1
1593996438.580751,26754,1574795960,466428041,navsat_link,2,1,40.66381106833333,-74.56383531,37.68599999999999,0.0027248400000000005,0.0,0.0,0.0,0.00321489,0.0,0.0,0.0,207.36,1
1593996438.7886827,26755,1574795960,673739910,navsat_link,2,1,40.66381350333333,-74.56383578666667,37.68899999999999,0.0027248400000000005,0.0,0.0,0.0,0.00321489,0.0,0.0,0.0,207.36,1
1593996438.9850209,26756,1574795960,870536088,navsat_link,2,1,40.66381581833333,-74.56383640333334,37.74199999999999,0.0026316900000000003,0.0,0.0,0.0,0.00321489,0.0,0.0,0.0,207.36,1
1593996439.1916575,26757,1574795961,77030897,navsat_link,2,1,40.66381796666667,-74.56383692833333,37.729,0.0026316900000000003,0.0,0.0,0.0,0.00321489,0.0,0.0,0.0,207.36,1
1593996439.3798945,26758,1574795961,265089035,navsat_link,2,1,40.66381938833333,-74.563837075,37.729,0.0026316900000000003,0.0,0.0,0.0,0.00321489,0.0,0.0,0.0,207.36,1
1593996439.5916524,26759,1574795961,477056980,navsat_link,2,1,40.663821561666666,-74.56383723,37.672,0.0026316900000000003,0.0,0.0,0.0,0.00321489,0.0,0.0,0.0,207.36,1
1593996439.7918694,26760,1574795961,677083015,navsat_link,2,1,40.66382352,-74.563836665,37.675,0.0026316900000000003,0.0,0.0,0.0,0.00321489,0.0,0.0,0.0,207.36,1
1593996439.991033,26761,1574795961,876240968,navsat_link,2,1,40.663825906666666,-74.56383573833334,37.672,0.0026316900000000003,0.0,0.0,0.0,0.00321489,0.0,0.0,0.0,207.36,1
1593996440.209786,26762,1574795962,95436096,navsat_link,2,1,40.66382819166667,-74.56383471166667,37.738,0.0026316900000000003,0.0,0.0,0.0,0.00321489,0.0,0.0,0.0,207.36,1
1593996440.3819811,26763,1574795962,267473936,navsat_link,2,1,40.663830358333335,-74.56383388666667,37.72999999999999,0.0026316900000000003,0.0,0.0,0.0,0.00321489,0.0,0.0,0.0,207.36,1
1593996440.5817435,26764,1574795962,466617107,navsat_link,2,1,40.66383265,-74.56383257166667,37.67099999999999,0.0026316900000000003,0.0,0.0,0.0,0.00321489,0.0,0.0,0.0,207.36,1
1593996440.7869651,26765,1574795962,672266006,navsat_link,2,1,40.663834666666666,-74.56383193333333,37.72699999999999,0.0026316900000000003,0.0,0.0,0.0,0.00321489,0.0,0.0,0.0,207.36,1
1593996440.9829955,26766,1574795962,868247032,navsat_link,2,1,40.663836815,-74.56383128,37.759,0.0026316900000000003,0.0,0.0,0.0,0.00321489,0.0,0.0,0.0,207.36,1
1593996441.1938076,26767,1574795963,78918933,navsat_link,2,1,40.66383930166667,-74.563830785,37.766999999999996,0.0026316900000000003,0.0,0.0,0.0,0.00321489,0.0,0.0,0.0,207.36,1
1593996441.3881392,26768,1574795963,269604921,navsat_link,2,1,40.66384180833333,-74.563830465,37.77499999999999,0.0026316900000000003,0.0,0.0,0.0,0.00321489,0.0,0.0,0.0,207.36,1
1593996441.577528,26769,1574795963,462883949,navsat_link,2,1,40.66384426333333,-74.563829875,37.815,0.0026316900000000003,0.0,0.0,0.0,0.00321489,0.0,0.0,0.0,207.36,1
1593996441.7772958,26770,1574795963,662813901,navsat_link,2,1,40.663846643333336,-74.56382949,37.80499999999999,0.0026316900000000003,0.0,0.0,0.0,0.00321489,0.0,0.0,0.0,207.36,1
1593996441.9880748,26771,1574795963,871650934,navsat_link,2,1,40.663848995,-74.56382945666667,37.80799999999999,0.0026316900000000003,0.0,0.0,0.0,0.00321489,0.0,0.0,0.0,207.36,1
1593996442.1842005,26772,1574795964,69401979,navsat_link,2,1,40.663851496666666,-74.56382931666667,37.857,0.0026316900000000003,0.0,0.0,0.0,0.00321489,0.0,0.0,0.0,207.36,1
1593996442.3841126,26773,1574795964,269558906,navsat_link,2,1,40.66385382166666,-74.56382922,37.85799999999999,0.0026316900000000003,0.0,0.0,0.0,0.0031136400000000004,0.0,0.0,0.0,207.36,1
1593996442.584281,26774,1574795964,469597101,navsat_link,2,1,40.663856388333336,-74.56382924833333,37.8,0.0026316900000000003,0.0,0.0,0.0,0.0031136400000000004,0.0,0.0,0.0,207.36,1
1593996442.7898927,26775,1574795964,674869060,navsat_link,2,1,40.663858626666666,-74.56382919666666,37.81099999999999,0.0026316900000000003,0.0,0.0,0.0,0.0031136400000000004,0.0,0.0,0.0,207.36,1
1593996442.993292,26776,1574795964,878140926,navsat_link,2,1,40.66386117333333,-74.56382916666666,37.79599999999999,0.0026316900000000003,0.0,0.0,0.0,0.0031136400000000004,0.0,0.0,0.0,207.36,1
1593996443.1925535,26777,1574795965,77455997,navsat_link,2,1,40.663863711666664,-74.56382894,37.782,0.0026316900000000003,0.0,0.0,0.0,0.0031136400000000004,0.0,0.0,0.0,207.36,1
1593996443.3928962,26778,1574795965,277684926,navsat_link,2,1,40.663866033333335,-74.563828905,37.77499999999999,0.0026316900000000003,0.0,0.0,0.0,0.0031136400000000004,0.0,0.0,0.0,207.36,1
1593996443.5930893,26779,1574795965,478286027,navsat_link,2,1,40.66386852833333,-74.56382878,37.78699999999999,0.0026316900000000003,0.0,0.0,0.0,0.0031136400000000004,0.0,0.0,0.0,207.36,1
1593996443.7928207,26780,1574795965,677314996,navsat_link,2,1,40.663870815,-74.56382867666667,37.763999999999996,0.0026316900000000003,0.0,0.0,0.0,0.0031136400000000004,0.0,0.0,0.0,207.36,1
1593996443.9924433,26781,1574795965,877413034,navsat_link,2,1,40.66387318333334,-74.56382828,37.754999999999995,0.0026316900000000003,0.0,0.0,0.0,0.0031136400000000004,0.0,0.0,0.0,207.36,1
1593996444.2065487,26782,1574795966,90693950,navsat_link,2,1,40.66387552,-74.56382803,37.768,0.00254016,0.0,0.0,0.0,0.0031136400000000004,0.0,0.0,0.0,207.36,1
1593996444.3842983,26783,1574795966,269464015,navsat_link,2,1,40.663877881666664,-74.56382768,37.816,0.00254016,0.0,0.0,0.0,0.0031136400000000004,0.0,0.0,0.0,207.36,1
1593996444.5844948,26784,1574795966,469681978,navsat_link,2,1,40.66388058166667,-74.56382725,37.815,0.00254016,0.0,0.0,0.0,0.0031136400000000004,0.0,0.0,0.0,207.36,1
1593996444.7872632,26785,1574795966,672522068,navsat_link,2,1,40.663882568333335,-74.56382696166666,37.833,0.00254016,0.0,0.0,0.0,0.0031136400000000004,0.0,0.0,0.0,207.36,1
1593996444.9839091,26786,1574795966,869194984,navsat_link,2,1,40.66388492,-74.56382670666666,37.855999999999995,0.00254016,0.0,0.0,0.0,0.0031136400000000004,0.0,0.0,0.0,207.36,1
1593996445.1846051,26787,1574795967,69957017,navsat_link,2,1,40.663887805,-74.563826145,37.870999999999995,0.00254016,0.0,0.0,0.0,0.0031136400000000004,0.0,0.0,0.0,207.36,1
1593996445.3900838,26788,1574795967,274503946,navsat_link,2,1,40.663889995,-74.56382574333334,37.919,0.00254016,0.0,0.0,0.0,0.0031136400000000004,0.0,0.0,0.0,207.36,1
1593996445.5883946,26789,1574795967,473371028,navsat_link,2,1,40.66389244,-74.56382514833334,37.944,0.00254016,0.0,0.0,0.0,0.0031136400000000004,0.0,0.0,0.0,207.36,1
1593996445.801178,26790,1574795967,686678886,navsat_link,2,1,40.663895045,-74.56382492166667,37.980999999999995,0.00254016,0.0,0.0,0.0,0.0031136400000000004,0.0,0.0,0.0,207.36,1
1593996445.9933536,26791,1574795967,878531932,navsat_link,2,1,40.66389746833333,-74.56382439333333,38.019999999999996,0.00254016,0.0,0.0,0.0,0.0031136400000000004,0.0,0.0,0.0,207.36,1
1593996446.1910388,26792,1574795968,76474905,navsat_link,2,1,40.66389984833334,-74.56382397333333,38.035,0.00254016,0.0,0.0,0.0,0.0031136400000000004,0.0,0.0,0.0,207.36,1
1593996446.384514,26793,1574795968,270086050,navsat_link,2,1,40.663902443333335,-74.56382363666667,38.01299999999999,0.00254016,0.0,0.0,0.0,0.0031136400000000004,0.0,0.0,0.0,207.36,1
1593996446.5842562,26794,1574795968,469487905,navsat_link,2,1,40.66390492666667,-74.56382316166666,38.007999999999996,0.00254016,0.0,0.0,0.0,0.0031136400000000004,0.0,0.0,0.0,207.36,1
1593996446.7822304,26795,1574795968,667269945,navsat_link,2,1,40.66390722,-74.56382273833333,38.059,0.00254016,0.0,0.0,0.0,0.0031136400000000004,0.0,0.0,0.0,207.36,1
1593996446.9797869,26796,1574795968,865286111,navsat_link,2,1,40.663909876666665,-74.56382213166667,38.086,0.00254016,0.0,0.0,0.0,0.0031136400000000004,0.0,0.0,0.0,207.36,1
1593996447.1822653,26797,1574795969,67430973,navsat_link,2,1,40.66391198,-74.56382171166666,38.096999999999994,0.00254016,0.0,0.0,0.0,0.0030140099999999997,0.0,0.0,0.0,207.36,1
1593996447.39223,26798,1574795969,277627944,navsat_link,2,1,40.66391477166667,-74.563821305,38.096999999999994,0.00254016,0.0,0.0,0.0,0.0030140099999999997,0.0,0.0,0.0,207.36,1
1593996447.583783,26799,1574795969,469212055,navsat_link,2,1,40.663917016666666,-74.56382077833334,38.11099999999999,0.00254016,0.0,0.0,0.0,0.0030140099999999997,0.0,0.0,0.0,207.36,1
1593996447.7820323,26800,1574795969,667507886,navsat_link,2,1,40.663919381666666,-74.56382061166667,38.083,0.00254016,0.0,0.0,0.0,0.0030140099999999997,0.0,0.0,0.0,207.36,1
1593996447.9850667,26801,1574795969,869749069,navsat_link,2,1,40.66392192166666,-74.56382025666667,38.098,0.00254016,0.0,0.0,0.0,0.0030140099999999997,0.0,0.0,0.0,207.36,1
1593996448.1932514,26802,1574795970,78480005,navsat_link,2,1,40.663924065,-74.56381990333334,38.093,0.00254016,0.0,0.0,0.0,0.0030140099999999997,0.0,0.0,0.0,207.36,1
1593996448.3928363,26803,1574795970,278186082,navsat_link,2,1,40.66392655666667,-74.56381951833333,38.087999999999994,0.00254016,0.0,0.0,0.0,0.0030140099999999997,0.0,0.0,0.0,207.36,1
1593996448.579848,26804,1574795970,465456962,navsat_link,2,1,40.66392911166667,-74.56381936333334,38.090999999999994,0.00254016,0.0,0.0,0.0,0.0030140099999999997,0.0,0.0,0.0,207.36,1
1593996448.7827368,26805,1574795970,668318986,navsat_link,2,1,40.663931428333335,-74.56381924166666,38.10199999999999,0.00245025,0.0,0.0,0.0,0.0030140099999999997,0.0,0.0,0.0,207.36,1
1593996448.986699,26806,1574795970,872068881,navsat_link,2,1,40.663933908333334,-74.56381919333333,38.157,0.00245025,0.0,0.0,0.0,0.0030140099999999997,0.0,0.0,0.0,207.36,1
1593996449.1893952,26807,1574795971,74744939,navsat_link,2,1,40.663936226666664,-74.56381907333333,38.161,0.00245025,0.0,0.0,0.0,0.0030140099999999997,0.0,0.0,0.0,207.36,1
1593996449.4132168,26808,1574795971,298717975,navsat_link,2,1,40.66393871333333,-74.56381914,38.181,0.00245025,0.0,0.0,0.0,0.0030140099999999997,0.0,0.0,0.0,207.36,1
1593996449.5807364,26809,1574795971,466032028,navsat_link,2,1,40.66394124833333,-74.56381902666666,38.212,0.00245025,0.0,0.0,0.0,0.0030140099999999997,0.0,0.0,0.0,207.36,1
1593996449.7808342,26810,1574795971,666198968,navsat_link,2,1,40.663943696666664,-74.56381856333333,38.233999999999995,0.00245025,0.0,0.0,0.0,0.0030140099999999997,0.0,0.0,0.0,207.36,1
1593996449.9916956,26811,1574795971,876961946,navsat_link,2,1,40.66394628166667,-74.56381838166666,38.15299999999999,0.00245025,0.0,0.0,0.0,0.0030140099999999997,0.0,0.0,0.0,207.36,1
1593996450.1894991,26812,1574795972,74848890,navsat_link,2,1,40.663948633333334,-74.563817975,38.209,0.00245025,0.0,0.0,0.0,0.0030140099999999997,0.0,0.0,0.0,207.36,1
1593996450.412667,26813,1574795972,297887086,navsat_link,2,1,40.663951105,-74.563817895,38.227999999999994,0.00245025,0.0,0.0,0.0,0.0030140099999999997,0.0,0.0,0.0,207.36,1
1593996450.5911117,26814,1574795972,476547956,navsat_link,2,1,40.663953516666666,-74.563817575,38.218999999999994,0.00245025,0.0,0.0,0.0,0.0030140099999999997,0.0,0.0,0.0,207.36,1
1593996450.789681,26815,1574795972,675117969,navsat_link,2,1,40.663955961666666,-74.56381732833333,38.226,0.00245025,0.0,0.0,0.0,0.0030140099999999997,0.0,0.0,0.0,207.36,1
1593996450.9867046,26816,1574795972,872102022,navsat_link,2,1,40.663958306666665,-74.56381711333333,38.275999999999996,0.00245025,0.0,0.0,0.0,0.0030140099999999997,0.0,0.0,0.0,207.36,1
1593996451.1866903,26817,1574795973,71671962,navsat_link,2,1,40.663960753333335,-74.56381676666666,38.277,0.00245025,0.0,0.0,0.0,0.0030140099999999997,0.0,0.0,0.0,207.36,1
1593996451.382486,26818,1574795973,267946958,navsat_link,2,1,40.663963298333336,-74.56381601666666,38.268,0.00245025,0.0,0.0,0.0,0.0030140099999999997,0.0,0.0,0.0,207.36,1
1593996451.5812228,26819,1574795973,466876029,navsat_link,2,1,40.663965755,-74.563815545,38.251999999999995,0.00245025,0.0,0.0,0.0,0.0030140099999999997,0.0,0.0,0.0,207.36,1
1593996451.7860997,26820,1574795973,671231985,navsat_link,2,1,40.66396812166667,-74.56381540666666,38.247,0.00245025,0.0,0.0,0.0,0.0030140099999999997,0.0,0.0,0.0,207.36,1
1593996451.9866366,26821,1574795973,871718883,navsat_link,2,1,40.663970325,-74.56381474333334,38.283,0.00245025,0.0,0.0,0.0,0.0030140099999999997,0.0,0.0,0.0,207.36,1
1593996452.1844053,26822,1574795974,69999933,navsat_link,2,1,40.663972961666666,-74.56381401333333,38.23599999999999,0.00245025,0.0,0.0,0.0,0.0030140099999999997,0.0,0.0,0.0,207.36,1
1593996452.3806932,26823,1574795974,265966892,navsat_link,2,1,40.66397511,-74.56381346333333,38.274,0.00245025,0.0,0.0,0.0,0.0030140099999999997,0.0,0.0,0.0,207.36,1
1593996452.5790179,26824,1574795974,464432001,navsat_link,2,1,40.663977465,-74.56381295833333,38.25699999999999,0.00245025,0.0,0.0,0.0,0.0030140099999999997,0.0,0.0,0.0,207.36,1
1593996452.7881439,26825,1574795974,672952890,navsat_link,2,1,40.66397976166667,-74.56381259166666,38.242999999999995,0.00245025,0.0,0.0,0.0,0.0030140099999999997,0.0,0.0,0.0,207.36,1
1593996452.9853396,26826,1574795974,870233058,navsat_link,2,1,40.66398229833333,-74.56381201333333,38.217,0.00245025,0.0,0.0,0.0,0.0030140099999999997,0.0,0.0,0.0,207.36,1
1593996453.1826332,26827,1574795975,67598104,navsat_link,2,1,40.66398480833333,-74.563811585,38.206,0.00245025,0.0,0.0,0.0,0.0030140099999999997,0.0,0.0,0.0,207.36,1
1593996453.3853605,26828,1574795975,270343065,navsat_link,2,1,40.663987256666665,-74.56381113,38.218999999999994,0.00245025,0.0,0.0,0.0,0.0030140099999999997,0.0,0.0,0.0,207.36,1
1593996453.5832417,26829,1574795975,468235015,navsat_link,2,1,40.663989683333334,-74.56381065166667,38.215,0.00245025,0.0,0.0,0.0,0.0030140099999999997,0.0,0.0,0.0,207.36,1
1593996453.7863002,26830,1574795975,671300888,navsat_link,2,1,40.663992065,-74.56381010166666,38.230999999999995,0.00245025,0.0,0.0,0.0,0.0029159999999999998,0.0,0.0,0.0,207.36,1
1593996453.9803386,26831,1574795975,865680932,navsat_link,2,1,40.663994503333335,-74.56380958666666,38.235,0.00245025,0.0,0.0,0.0,0.0029159999999999998,0.0,0.0,0.0,207.36,1
1593996454.189211,26832,1574795976,74145078,navsat_link,2,1,40.663996865,-74.56380931166666,38.227999999999994,0.00245025,0.0,0.0,0.0,0.0029159999999999998,0.0,0.0,0.0,207.36,1
1593996454.3771462,26833,1574795976,262661933,navsat_link,2,1,40.66399921,-74.56380895333334,38.254999999999995,0.00245025,0.0,0.0,0.0,0.0029159999999999998,0.0,0.0,0.0,207.36,1
1593996454.5930412,26834,1574795976,478085041,navsat_link,2,1,40.664001735,-74.56380872333334,38.265,0.00245025,0.0,0.0,0.0,0.0029159999999999998,0.0,0.0,0.0,207.36,1
1593996454.7926216,26835,1574795976,677432060,navsat_link,2,1,40.66400413,-74.56380847333334,38.285,0.00245025,0.0,0.0,0.0,0.0029159999999999998,0.0,0.0,0.0,207.36,1
1593996454.991352,26836,1574795976,876470088,navsat_link,2,1,40.664006621666665,-74.56380816833334,38.29899999999999,0.00245025,0.0,0.0,0.0,0.0029159999999999998,0.0,0.0,0.0,207.36,1
1593996455.1882672,26837,1574795977,73379993,navsat_link,2,1,40.664009003333334,-74.563807925,38.334,0.00245025,0.0,0.0,0.0,0.0029159999999999998,0.0,0.0,0.0,207.36,1
1593996455.3893793,26838,1574795977,272274971,navsat_link,2,1,40.664011415,-74.56380759,38.331,0.00245025,0.0,0.0,0.0,0.0029159999999999998,0.0,0.0,0.0,207.36,1
1593996455.6085052,26839,1574795977,492516040,navsat_link,2,1,40.66401384833333,-74.56380738833333,38.318,0.00245025,0.0,0.0,0.0,0.0029159999999999998,0.0,0.0,0.0,207.36,1
1593996455.784486,26840,1574795977,669281959,navsat_link,2,1,40.6640162,-74.56380707166667,38.315,0.00245025,0.0,0.0,0.0,0.0029159999999999998,0.0,0.0,0.0,207.36,1
1593996455.9829943,26841,1574795977,868032932,navsat_link,2,1,40.664018678333335,-74.56380674,38.316,0.00245025,0.0,0.0,0.0,0.0029159999999999998,0.0,0.0,0.0,207.36,1
1593996456.1827006,26842,1574795978,67771911,navsat_link,2,1,40.664021145,-74.56380642166667,38.325,0.00245025,0.0,0.0,0.0,0.0029159999999999998,0.0,0.0,0.0,207.36,1
1593996456.3802998,26843,1574795978,265074014,navsat_link,2,1,40.664023568333334,-74.5638062,38.324,0.00245025,0.0,0.0,0.0,0.0029159999999999998,0.0,0.0,0.0,207.36,1
1593996456.603828,26844,1574795978,488708972,navsat_link,2,1,40.6640259,-74.56380590166667,38.328,0.00245025,0.0,0.0,0.0,0.0029159999999999998,0.0,0.0,0.0,207.36,1
1593996456.7783391,26845,1574795978,663374900,navsat_link,2,1,40.66402836333334,-74.56380553666666,38.334999999999994,0.0023619599999999998,0.0,0.0,0.0,0.0029159999999999998,0.0,0.0,0.0,207.36,1
1593996456.9883592,26846,1574795978,873035907,navsat_link,2,1,40.664030805,-74.56380519,38.358999999999995,0.0023619599999999998,0.0,0.0,0.0,0.0029159999999999998,0.0,0.0,0.0,207.36,1
1593996457.1879346,26847,1574795979,72143077,navsat_link,2,1,40.66403324833333,-74.56380464166666,38.35799999999999,0.0023619599999999998,0.0,0.0,0.0,0.0029159999999999998,0.0,0.0,0.0,207.36,1
1593996457.3822012,26848,1574795979,267510890,navsat_link,2,1,40.664035758333334,-74.56380437166666,38.37299999999999,0.0023619599999999998,0.0,0.0,0.0,0.0029159999999999998,0.0,0.0,0.0,207.36,1
1593996457.6000977,26849,1574795979,484848022,navsat_link,2,1,40.664038175,-74.56380404666666,38.373999999999995,0.0023619599999999998,0.0,0.0,0.0,0.0029159999999999998,0.0,0.0,0.0,207.36,1
1593996457.7786183,26850,1574795979,663996934,navsat_link,2,1,40.664040676666666,-74.56380345833334,38.369,0.0023619599999999998,0.0,0.0,0.0,0.0029159999999999998,0.0,0.0,0.0,207.36,1
1593996457.9757237,26851,1574795979,860780000,navsat_link,2,1,40.66404295666667,-74.56380330833333,38.39099999999999,0.0023619599999999998,0.0,0.0,0.0,0.0029159999999999998,0.0,0.0,0.0,207.36,1
1593996458.1732926,26852,1574795980,58358907,navsat_link,2,1,40.664045398333336,-74.56380293,38.348,0.0023619599999999998,0.0,0.0,0.0,0.0029159999999999998,0.0,0.0,0.0,207.36,1
1593996458.3795238,26853,1574795980,265105962,navsat_link,2,1,40.66404775833333,-74.56380252833333,38.351,0.0023619599999999998,0.0,0.0,0.0,0.0029159999999999998,0.0,0.0,0.0,207.36,1
1593996458.6000671,26854,1574795980,485120058,navsat_link,2,1,40.66405030833333,-74.56380191833334,38.337,0.0023619599999999998,0.0,0.0,0.0,0.0029159999999999998,0.0,0.0,0.0,207.36,1
1593996458.7877395,26855,1574795980,673063993,navsat_link,2,1,40.66405283,-74.56380160166667,38.391999999999996,0.0023619599999999998,0.0,0.0,0.0,0.0029159999999999998,0.0,0.0,0.0,207.36,1
1593996458.983708,26856,1574795980,869057893,navsat_link,2,1,40.66405516333333,-74.563801115,38.394999999999996,0.0023619599999999998,0.0,0.0,0.0,0.0029159999999999998,0.0,0.0,0.0,207.36,1
1593996459.187397,26857,1574795981,72506904,navsat_link,2,1,40.664057623333335,-74.56380080833334,38.370999999999995,0.0023619599999999998,0.0,0.0,0.0,0.0029159999999999998,0.0,0.0,0.0,207.36,1
1593996459.3894587,26858,1574795981,275002002,navsat_link,2,1,40.66405992833333,-74.56380048666666,38.40899999999999,0.0023619599999999998,0.0,0.0,0.0,0.0029159999999999998,0.0,0.0,0.0,207.36,1
1593996459.5816886,26859,1574795981,466525077,navsat_link,2,1,40.66406216166666,-74.56380003,38.41799999999999,0.0023619599999999998,0.0,0.0,0.0,0.0029159999999999998,0.0,0.0,0.0,207.36,1
1593996459.7831352,26860,1574795981,668021917,navsat_link,2,1,40.664064671666665,-74.56379942166667,38.40599999999999,0.0023619599999999998,0.0,0.0,0.0,0.00281961,0.0,0.0,0.0,207.36,1
1593996459.9847493,26861,1574795981,870277881,navsat_link,2,1,40.66406708,-74.56379902166667,38.41799999999999,0.0023619599999999998,0.0,0.0,0.0,0.00281961,0.0,0.0,0.0,207.36,1
1593996460.1951082,26862,1574795982,80250978,navsat_link,2,1,40.66406958666666,-74.56379852333333,38.416,0.0023619599999999998,0.0,0.0,0.0,0.0029159999999999998,0.0,0.0,0.0,207.36,1
1593996460.3845646,26863,1574795982,269994974,navsat_link,2,1,40.664072071666666,-74.56379811333333,38.413,0.0023619599999999998,0.0,0.0,0.0,0.0029159999999999998,0.0,0.0,0.0,207.36,1
1593996460.5855947,26864,1574795982,469022989,navsat_link,2,1,40.66407435666667,-74.56379750166667,38.459999999999994,0.0023619599999999998,0.0,0.0,0.0,0.0029159999999999998,0.0,0.0,0.0,207.36,1
1593996460.7745724,26865,1574795982,660042047,navsat_link,2,1,40.66407683833334,-74.56379694,38.455,0.0023619599999999998,0.0,0.0,0.0,0.0029159999999999998,0.0,0.0,0.0,207.36,1
1593996460.9806957,26866,1574795982,866262912,navsat_link,2,1,40.66407928,-74.563796305,38.441,0.0023619599999999998,0.0,0.0,0.0,0.0029159999999999998,0.0,0.0,0.0,207.36,1
1593996461.187216,26867,1574795983,72072029,navsat_link,2,1,40.66408172166667,-74.56379596166667,38.41499999999999,0.0023619599999999998,0.0,0.0,0.0,0.0029159999999999998,0.0,0.0,0.0,207.36,1
1593996461.3786945,26868,1574795983,264127969,navsat_link,2,1,40.66408403333333,-74.56379533333333,38.407,0.0023619599999999998,0.0,0.0,0.0,0.00281961,0.0,0.0,0.0,207.36,1
1593996461.5810788,26869,1574795983,466555118,navsat_link,2,1,40.664086356666665,-74.56379502666667,38.485,0.0023619599999999998,0.0,0.0,0.0,0.00281961,0.0,0.0,0.0,207.36,1
1593996461.7739098,26870,1574795983,659411907,navsat_link,2,1,40.66408864666667,-74.56379465166667,38.52499999999999,0.0023619599999999998,0.0,0.0,0.0,0.0029159999999999998,0.0,0.0,0.0,207.36,1
1593996461.9786034,26871,1574795983,864003896,navsat_link,2,1,40.66409094666667,-74.56379427,38.49199999999999,0.0023619599999999998,0.0,0.0,0.0,0.0029159999999999998,0.0,0.0,0.0,207.36,1
1593996462.1820395,26872,1574795984,67814111,navsat_link,2,1,40.664092688333334,-74.563793575,38.428,0.0023619599999999998,0.0,0.0,0.0,0.0029159999999999998,0.0,0.0,0.0,207.36,1
1593996462.378059,26873,1574795984,263048887,navsat_link,2,1,40.6640938,-74.56379292166666,38.366,0.0023619599999999998,0.0,0.0,0.0,0.0029159999999999998,0.0,0.0,0.0,207.36,1
1593996462.5817547,26874,1574795984,467319965,navsat_link,2,1,40.664095313333334,-74.56379425833333,38.586,0.00245025,0.0,0.0,0.0,0.0035283600000000004,0.0,0.0,0.0,207.36,1
1593996462.7816565,26875,1574795984,667066097,navsat_link,2,1,40.664097821666665,-74.56379468333333,38.525999999999996,0.0023619599999999998,0.0,0.0,0.0,0.0029159999999999998,0.0,0.0,0.0,207.36,1
1593996462.9775486,26876,1574795984,862620115,navsat_link,2,1,40.664100115,-74.56379504333333,38.51899999999999,0.0023619599999999998,0.0,0.0,0.0,0.00281961,0.0,0.0,0.0,207.36,1
1593996463.1819937,26877,1574795985,67393064,navsat_link,2,1,40.66410258166667,-74.56379552,38.548,0.0023619599999999998,0.0,0.0,0.0,0.00281961,0.0,0.0,0.0,207.36,1
1593996463.3779395,26878,1574795985,263199090,navsat_link,2,1,40.66410504666667,-74.563795765,38.544,0.0023619599999999998,0.0,0.0,0.0,0.00281961,0.0,0.0,0.0,207.36,1
1593996463.583826,26879,1574795985,469207048,navsat_link,2,1,40.66410746166667,-74.56379564833334,38.562,0.0023619599999999998,0.0,0.0,0.0,0.00281961,0.0,0.0,0.0,207.36,1
1593996463.81585,26880,1574795985,701021909,navsat_link,2,1,40.66410987166667,-74.56379558166667,38.572,0.0023619599999999998,0.0,0.0,0.0,0.00281961,0.0,0.0,0.0,207.36,1
1593996463.9801877,26881,1574795985,865642070,navsat_link,2,1,40.66411230833333,-74.56379611,38.56999999999999,0.0023619599999999998,0.0,0.0,0.0,0.00281961,0.0,0.0,0.0,207.36,1
1593996464.1808608,26882,1574795986,65562009,navsat_link,2,1,40.66411486166667,-74.56379622166666,38.56699999999999,0.0023619599999999998,0.0,0.0,0.0,0.00281961,0.0,0.0,0.0,207.36,1
1593996464.3861592,26883,1574795986,271161079,navsat_link,2,1,40.66411717166667,-74.56379629666667,38.616,0.0023619599999999998,0.0,0.0,0.0,0.00281961,0.0,0.0,0.0,207.36,1
1593996464.5821528,26884,1574795986,467235088,navsat_link,2,1,40.664119645,-74.56379635,38.577,0.0023619599999999998,0.0,0.0,0.0,0.00281961,0.0,0.0,0.0,207.36,1
1593996464.817862,26885,1574795986,703277111,navsat_link,2,1,40.66412201833333,-74.56379561833333,38.596999999999994,0.0023619599999999998,0.0,0.0,0.0,0.00281961,0.0,0.0,0.0,207.36,1
1593996464.983035,26886,1574795986,867964029,navsat_link,2,1,40.66412438166667,-74.56379509,38.587999999999994,0.0023619599999999998,0.0,0.0,0.0,0.00281961,0.0,0.0,0.0,207.36,1
1593996465.1783721,26887,1574795987,63535928,navsat_link,2,1,40.66412691666667,-74.56379458166667,38.593999999999994,0.0023619599999999998,0.0,0.0,0.0,0.00281961,0.0,0.0,0.0,207.36,1
1593996465.3823402,26888,1574795987,267774105,navsat_link,2,1,40.66412918666666,-74.56379426666666,38.599999999999994,0.0023619599999999998,0.0,0.0,0.0,0.00281961,0.0,0.0,0.0,207.36,1
1593996465.5810716,26889,1574795987,466139078,navsat_link,2,1,40.664131493333336,-74.563794,38.583,0.00227529,0.0,0.0,0.0,0.00281961,0.0,0.0,0.0,207.36,1
1593996465.813092,26890,1574795987,698611021,navsat_link,2,1,40.66413391166667,-74.563793775,38.601,0.00227529,0.0,0.0,0.0,0.00281961,0.0,0.0,0.0,207.36,1
1593996465.9802227,26891,1574795987,865504980,navsat_link,2,1,40.66413624,-74.56379346,38.620999999999995,0.00227529,0.0,0.0,0.0,0.00281961,0.0,0.0,0.0,207.36,1
1593996466.194343,26892,1574795988,79592943,navsat_link,2,1,40.66413813166667,-74.56379302,38.626999999999995,0.00227529,0.0,0.0,0.0,0.00281961,0.0,0.0,0.0,207.36,1
1593996466.3889198,26893,1574795988,274257898,navsat_link,2,1,40.66413990666667,-74.56379242333334,38.634,0.00227529,0.0,0.0,0.0,0.00281961,0.0,0.0,0.0,207.36,1
1593996466.588888,26894,1574795988,473799943,navsat_link,2,1,40.664141765,-74.56379161833334,38.653999999999996,0.00227529,0.0,0.0,0.0,0.00281961,0.0,0.0,0.0,207.36,1
1593996466.80527,26895,1574795988,690402030,navsat_link,2,1,40.664144146666665,-74.56379045666667,38.613,0.00227529,0.0,0.0,0.0,0.00281961,0.0,0.0,0.0,207.36,1
1593996466.9807312,26896,1574795988,866014957,navsat_link,2,1,40.664145641666664,-74.563789725,38.641999999999996,0.00227529,0.0,0.0,0.0,0.00281961,0.0,0.0,0.0,207.36,1
1593996467.1884434,26897,1574795989,73065996,navsat_link,2,1,40.664147156666665,-74.56378922,38.60199999999999,0.00227529,0.0,0.0,0.0,0.00281961,0.0,0.0,0.0,207.36,1
1593996467.3865192,26898,1574795989,271651029,navsat_link,2,1,40.66414827166667,-74.56378899333333,38.64699999999999,0.00227529,0.0,0.0,0.0,0.00281961,0.0,0.0,0.0,207.36,1
1593996467.5817957,26899,1574795989,466975927,navsat_link,2,1,40.664149726666665,-74.56378888333333,38.657,0.00227529,0.0,0.0,0.0,0.00281961,0.0,0.0,0.0,207.36,1
1593996467.7827122,26900,1574795989,668154001,navsat_link,2,1,40.664150315,-74.56378891833333,38.64,0.00227529,0.0,0.0,0.0,0.00281961,0.0,0.0,0.0,207.36,1
1593996467.9837708,26901,1574795989,868994951,navsat_link,2,1,40.664151233333335,-74.563789505,38.631,0.00227529,0.0,0.0,0.0,0.00281961,0.0,0.0,0.0,207.36,1
1593996468.195042,26902,1574795990,80647945,navsat_link,2,1,40.6641527,-74.56378987166667,38.622,0.00227529,0.0,0.0,0.0,0.00281961,0.0,0.0,0.0,207.36,1
1593996468.3865695,26903,1574795990,271729946,navsat_link,2,1,40.66415490333333,-74.56379059833333,38.65299999999999,0.00227529,0.0,0.0,0.0,0.00281961,0.0,0.0,0.0,207.36,1
1593996468.5872035,26904,1574795990,472543001,navsat_link,2,1,40.66415711166667,-74.56379098166667,38.657,0.00227529,0.0,0.0,0.0,0.0027248400000000005,0.0,0.0,0.0,207.36,1
1593996468.7812812,26905,1574795990,666415929,navsat_link,2,1,40.66415925166667,-74.563791365,38.65299999999999,0.00227529,0.0,0.0,0.0,0.0027248400000000005,0.0,0.0,0.0,207.36,1
1593996468.9767408,26906,1574795990,861776113,navsat_link,2,1,40.664161498333335,-74.56379132166667,38.67999999999999,0.00227529,0.0,0.0,0.0,0.0027248400000000005,0.0,0.0,0.0,207.36,1
1593996469.1793594,26907,1574795991,64791917,navsat_link,2,1,40.66416378,-74.56379122333334,38.730999999999995,0.00227529,0.0,0.0,0.0,0.0027248400000000005,0.0,0.0,0.0,207.36,1
1593996469.3897595,26908,1574795991,274912118,navsat_link,2,1,40.66416622,-74.56379097666667,38.658,0.00227529,0.0,0.0,0.0,0.0027248400000000005,0.0,0.0,0.0,207.36,1
1593996469.589669,26909,1574795991,474375009,navsat_link,2,1,40.66416873833333,-74.56379048833334,38.66499999999999,0.00227529,0.0,0.0,0.0,0.0027248400000000005,0.0,0.0,0.0,207.36,1
1593996469.7842014,26910,1574795991,669645071,navsat_link,2,1,40.66417146166667,-74.56379027166666,38.694,0.00227529,0.0,0.0,0.0,0.0027248400000000005,0.0,0.0,0.0,207.36,1
1593996469.9806707,26911,1574795991,865942001,navsat_link,2,1,40.66417355,-74.5637899,38.75,0.00227529,0.0,0.0,0.0,0.0027248400000000005,0.0,0.0,0.0,207.36,1
1593996470.2042384,26912,1574795992,89610099,navsat_link,2,1,40.664175915,-74.563789215,38.788,0.00227529,0.0,0.0,0.0,0.0027248400000000005,0.0,0.0,0.0,207.36,1
1593996470.3836625,26913,1574795992,268627882,navsat_link,2,1,40.66417813666666,-74.563788455,38.782,0.00227529,0.0,0.0,0.0,0.0027248400000000005,0.0,0.0,0.0,207.36,1
1593996470.5884361,26914,1574795992,473922014,navsat_link,2,1,40.664180556666665,-74.563788325,38.771,0.00227529,0.0,0.0,0.0,0.0027248400000000005,0.0,0.0,0.0,207.36,1
1593996470.791867,26915,1574795992,676948070,navsat_link,2,1,40.66418271333333,-74.563788165,38.714,0.00227529,0.0,0.0,0.0,0.0027248400000000005,0.0,0.0,0.0,207.36,1
1593996470.982315,26916,1574795992,866889953,navsat_link,2,1,40.66418505666667,-74.56378812,38.74799999999999,0.00227529,0.0,0.0,0.0,0.0027248400000000005,0.0,0.0,0.0,207.36,1
1593996471.1822717,26917,1574795993,67886114,navsat_link,2,1,40.66418691,-74.56378816666667,38.831,0.00227529,0.0,0.0,0.0,0.0027248400000000005,0.0,0.0,0.0,207.36,1
1593996471.3755715,26918,1574795993,261231899,navsat_link,2,1,40.66418876,-74.56378779,38.79899999999999,0.00227529,0.0,0.0,0.0,0.0027248400000000005,0.0,0.0,0.0,207.36,1
1593996471.5824556,26919,1574795993,467705011,navsat_link,2,1,40.66419106166666,-74.56378696166666,38.821,0.00227529,0.0,0.0,0.0,0.0027248400000000005,0.0,0.0,0.0,207.36,1
1593996471.7888906,26920,1574795993,674330949,navsat_link,2,1,40.66419354,-74.56378589166667,38.760999999999996,0.00227529,0.0,0.0,0.0,0.0027248400000000005,0.0,0.0,0.0,207.36,1
1593996471.9849412,26921,1574795993,870408058,navsat_link,2,1,40.66419527666667,-74.56378546166667,38.774,0.00227529,0.0,0.0,0.0,0.0027248400000000005,0.0,0.0,0.0,207.36,1
1593996472.1909735,26922,1574795994,76390981,navsat_link,2,1,40.664197125,-74.56378505,38.721000000000004,0.00227529,0.0,0.0,0.0,0.0027248400000000005,0.0,0.0,0.0,207.36,1
1593996472.382282,26923,1574795994,267843961,navsat_link,2,1,40.664198555,-74.56378457,38.703,0.00227529,0.0,0.0,0.0,0.0027248400000000005,0.0,0.0,0.0,207.36,1
1593996472.5835218,26924,1574795994,468545913,navsat_link,2,1,40.664198926666664,-74.56378480166667,38.774,0.0023619599999999998,0.0,0.0,0.0,0.00321489,0.0,0.0,0.0,207.36,1
1593996472.7905207,26925,1574795994,675544023,navsat_link,2,1,40.66419954333333,-74.563784895,38.751999999999995,0.00227529,0.0,0.0,0.0,0.0027248400000000005,0.0,0.0,0.0,207.36,1
1593996472.9875233,26926,1574795994,873038053,navsat_link,2,1,40.664200656666665,-74.563785275,38.73899999999999,0.00227529,0.0,0.0,0.0,0.0027248400000000005,0.0,0.0,0.0,207.36,1
1593996473.1922262,26927,1574795995,77636957,navsat_link,2,1,40.66420251666667,-74.56378596833333,38.685,0.00227529,0.0,0.0,0.0,0.0027248400000000005,0.0,0.0,0.0,207.36,1
1593996473.3920956,26928,1574795995,277597904,navsat_link,2,1,40.66420420666667,-74.56378694,38.687,0.00227529,0.0,0.0,0.0,0.0027248400000000005,0.0,0.0,0.0,207.36,1
1593996473.583544,26929,1574795995,468781948,navsat_link,2,1,40.664205331666665,-74.563787515,38.70399999999999,0.00227529,0.0,0.0,0.0,0.0027248400000000005,0.0,0.0,0.0,207.36,1
1593996473.7905025,26930,1574795995,675858974,navsat_link,2,1,40.66420672,-74.563787855,38.650999999999996,0.00227529,0.0,0.0,0.0,0.0027248400000000005,0.0,0.0,0.0,207.36,1
1593996473.9936907,26931,1574795995,879261970,navsat_link,2,1,40.66420788333333,-74.56378783,38.705,0.00227529,0.0,0.0,0.0,0.0027248400000000005,0.0,0.0,0.0,207.36,1
1593996474.1846817,26932,1574795996,70061922,navsat_link,2,1,40.66420939333333,-74.56378754166667,38.696,0.00227529,0.0,0.0,0.0,0.0027248400000000005,0.0,0.0,0.0,207.36,1
1593996474.384316,26933,1574795996,269455909,navsat_link,2,1,40.66421163333333,-74.563786755,38.721999999999994,0.00227529,0.0,0.0,0.0,0.0027248400000000005,0.0,0.0,0.0,207.36,1
1593996474.5792205,26934,1574795996,464468955,navsat_link,2,1,40.66421385833333,-74.56378567833333,38.744,0.00219024,0.0,0.0,0.0,0.0027248400000000005,0.0,0.0,0.0,207.36,1
1593996474.7799523,26935,1574795996,665128946,navsat_link,2,1,40.66421621166667,-74.56378456666667,38.759,0.00219024,0.0,0.0,0.0,0.0027248400000000005,0.0,0.0,0.0,207.36,1
1593996475.0072026,26936,1574795996,892206907,navsat_link,2,1,40.664218435,-74.56378392833334,38.766999999999996,0.00219024,0.0,0.0,0.0,0.0027248400000000005,0.0,0.0,0.0,207.36,1
1593996475.1830127,26937,1574795997,67889928,navsat_link,2,1,40.664220521666664,-74.56378328833334,38.798,0.00219024,0.0,0.0,0.0,0.0027248400000000005,0.0,0.0,0.0,207.36,1
1593996475.3876503,26938,1574795997,273296117,navsat_link,2,1,40.664222955,-74.56378284666667,38.738,0.00227529,0.0,0.0,0.0,0.0027248400000000005,0.0,0.0,0.0,207.36,1
1593996475.5858543,26939,1574795997,471256017,navsat_link,2,1,40.664224903333334,-74.56378264166666,38.778999999999996,0.00219024,0.0,0.0,0.0,0.0027248400000000005,0.0,0.0,0.0,207.36,1
1593996475.7829096,26940,1574795997,667979001,navsat_link,2,1,40.66422752333333,-74.56378257,38.744,0.00227529,0.0,0.0,0.0,0.0027248400000000005,0.0,0.0,0.0,207.36,1
1593996476.0154893,26941,1574795997,901094913,navsat_link,2,1,40.66422978,-74.56378252,38.78,0.00227529,0.0,0.0,0.0,0.0027248400000000005,0.0,0.0,0.0,207.36,1
1593996476.1947536,26942,1574795998,80130100,navsat_link,2,1,40.664232381666665,-74.56378274333333,38.718999999999994,0.00227529,0.0,0.0,0.0,0.0027248400000000005,0.0,0.0,0.0,207.36,1
1593996476.3816307,26943,1574795998,266639947,navsat_link,2,1,40.664234783333335,-74.56378250666667,38.747,0.00227529,0.0,0.0,0.0,0.0027248400000000005,0.0,0.0,0.0,207.36,1
1593996476.5832639,26944,1574795998,468607902,navsat_link,2,1,40.664237275,-74.56378245166667,38.727999999999994,0.00227529,0.0,0.0,0.0,0.0027248400000000005,0.0,0.0,0.0,207.36,1
1593996476.7863688,26945,1574795998,670983076,navsat_link,2,1,40.66423974166667,-74.563782145,38.742999999999995,0.00227529,0.0,0.0,0.0,0.0027248400000000005,0.0,0.0,0.0,207.36,1
1593996477.025778,26946,1574795998,911231040,navsat_link,2,1,40.66424208666667,-74.56378195666667,38.77799999999999,0.00227529,0.0,0.0,0.0,0.0027248400000000005,0.0,0.0,0.0,207.36,1
1593996477.1892605,26947,1574795999,74551105,navsat_link,2,1,40.664244315,-74.56378154166667,38.78999999999999,0.00227529,0.0,0.0,0.0,0.0027248400000000005,0.0,0.0,0.0,207.36,1
1593996477.3841302,26948,1574795999,269634962,navsat_link,2,1,40.66424698833333,-74.56378072,38.801,0.00227529,0.0,0.0,0.0,0.0027248400000000005,0.0,0.0,0.0,207.36,1
1593996477.5880163,26949,1574795999,472306013,navsat_link,2,1,40.66424914833333,-74.56378001833333,38.81699999999999,0.00227529,0.0,0.0,0.0,0.0027248400000000005,0.0,0.0,0.0,207.36,1
1593996477.7849436,26950,1574795999,669914007,navsat_link,2,1,40.66425178,-74.56377896166667,38.73299999999999,0.00219024,0.0,0.0,0.0,0.0027248400000000005,0.0,0.0,0.0,207.36,1
1593996477.98511,26951,1574795999,867937088,navsat_link,2,1,40.66425429,-74.56377852,38.78999999999999,0.00219024,0.0,0.0,0.0,0.0027248400000000005,0.0,0.0,0.0,207.36,1
1593996478.1899056,26952,1574796000,75099945,navsat_link,2,1,40.66425639,-74.56377805833333,38.77499999999999,0.00219024,0.0,0.0,0.0,0.0027248400000000005,0.0,0.0,0.0,207.36,1
1593996478.39693,26953,1574796000,272495985,navsat_link,2,1,40.66425885833333,-74.56377724,38.768,0.00219024,0.0,0.0,0.0,0.0027248400000000005,0.0,0.0,0.0,207.36,1
1593996478.5846138,26954,1574796000,468801021,navsat_link,2,1,40.66426141,-74.56377675833333,38.825,0.00227529,0.0,0.0,0.0,0.0027248400000000005,0.0,0.0,0.0,207.36,1
1593996478.7950985,26955,1574796000,679752111,navsat_link,2,1,40.66426354,-74.56377665166667,38.86099999999999,0.00227529,0.0,0.0,0.0,0.0027248400000000005,0.0,0.0,0.0,207.36,1
1593996478.9970233,26956,1574796000,875638961,navsat_link,2,1,40.66426608166667,-74.56377626333334,38.899,0.00219024,0.0,0.0,0.0,0.0027248400000000005,0.0,0.0,0.0,207.36,1
1593996479.1912866,26957,1574796001,76025009,navsat_link,2,1,40.664268445,-74.56377628666667,38.851,0.00219024,0.0,0.0,0.0,0.0027248400000000005,0.0,0.0,0.0,207.36,1
1593996479.3879352,26958,1574796001,273005008,navsat_link,2,1,40.66427094833333,-74.56377591833333,38.913,0.00219024,0.0,0.0,0.0,0.0027248400000000005,0.0,0.0,0.0,207.36,1
1593996479.584423,26959,1574796001,469316959,navsat_link,2,1,40.664273251666664,-74.56377615166667,38.91199999999999,0.00219024,0.0,0.0,0.0,0.0027248400000000005,0.0,0.0,0.0,207.36,1
1593996479.7931294,26960,1574796001,678256988,navsat_link,2,1,40.66427590833333,-74.56377601333334,38.855999999999995,0.00219024,0.0,0.0,0.0,0.0027248400000000005,0.0,0.0,0.0,207.36,1
1593996479.987385,26961,1574796001,872100114,navsat_link,2,1,40.66427840666667,-74.56377585,38.818,0.00219024,0.0,0.0,0.0,0.0027248400000000005,0.0,0.0,0.0,207.36,1
1593996480.183495,26962,1574796002,68528890,navsat_link,2,1,40.664280778333335,-74.56377581,38.875,0.00219024,0.0,0.0,0.0,0.0027248400000000005,0.0,0.0,0.0,207.36,1
1593996480.3864453,26963,1574796002,271548032,navsat_link,2,1,40.664283051666665,-74.563776245,38.89999999999999,0.00219024,0.0,0.0,0.0,0.0027248400000000005,0.0,0.0,0.0,207.36,1
1593996480.5843434,26964,1574796002,469527959,navsat_link,2,1,40.66428554,-74.56377596333333,38.88499999999999,0.00219024,0.0,0.0,0.0,0.0027248400000000005,0.0,0.0,0.0,207.36,1
1593996480.7761226,26965,1574796002,660902023,navsat_link,2,1,40.664288076666665,-74.563775745,38.926,0.00219024,0.0,0.0,0.0,0.0027248400000000005,0.0,0.0,0.0,207.36,1
1593996480.9820967,26966,1574796002,867434024,navsat_link,2,1,40.664290215,-74.56377574833333,38.956999999999994,0.00219024,0.0,0.0,0.0,0.0027248400000000005,0.0,0.0,0.0,207.36,1
1593996481.1839967,26967,1574796003,69709062,navsat_link,2,1,40.664292715,-74.56377549833333,38.937,0.00219024,0.0,0.0,0.0,0.0027248400000000005,0.0,0.0,0.0,207.36,1
1593996481.3781948,26968,1574796003,263725042,navsat_link,2,1,40.66429513166667,-74.56377517833333,38.905,0.00219024,0.0,0.0,0.0,0.0027248400000000005,0.0,0.0,0.0,207.36,1
1593996481.5814223,26969,1574796003,466877937,navsat_link,2,1,40.66429766833333,-74.56377478833333,38.908,0.00219024,0.0,0.0,0.0,0.0027248400000000005,0.0,0.0,0.0,207.36,1
1593996481.7941031,26970,1574796003,679095983,navsat_link,2,1,40.664300105,-74.56377409833334,38.932,0.00219024,0.0,0.0,0.0,0.0027248400000000005,0.0,0.0,0.0,207.36,1
1593996481.980314,26971,1574796003,865303039,navsat_link,2,1,40.664302665,-74.56377352166666,38.887,0.00219024,0.0,0.0,0.0,0.0027248400000000005,0.0,0.0,0.0,207.36,1
1593996482.190592,26972,1574796004,75906991,navsat_link,2,1,40.664304888333334,-74.563773375,38.955,0.00219024,0.0,0.0,0.0,0.0027248400000000005,0.0,0.0,0.0,207.36,1
1593996482.3867538,26973,1574796004,272104978,navsat_link,2,1,40.66430717666667,-74.56377281833333,38.94,0.00219024,0.0,0.0,0.0,0.0027248400000000005,0.0,0.0,0.0,207.36,1
1593996482.580119,26974,1574796004,465532064,navsat_link,2,1,40.664309593333336,-74.56377229166667,38.967,0.00219024,0.0,0.0,0.0,0.0027248400000000005,0.0,0.0,0.0,207.36,1
1593996482.7833757,26975,1574796004,668829917,navsat_link,2,1,40.66431209666667,-74.56377169,39.00099999999999,0.00219024,0.0,0.0,0.0,0.0026316900000000003,0.0,0.0,0.0,207.36,1
1593996482.9766166,26976,1574796004,862068891,navsat_link,2,1,40.664314311666665,-74.563771465,39.074,0.00219024,0.0,0.0,0.0,0.0027248400000000005,0.0,0.0,0.0,207.36,1
1593996483.1963186,26977,1574796005,81888914,navsat_link,2,1,40.66431691,-74.56377008666666,38.965999999999994,0.00227529,0.0,0.0,0.0,0.0031136400000000004,0.0,0.0,0.0,207.36,1
1593996483.3800256,26978,1574796005,265357971,navsat_link,2,1,40.66431943166667,-74.56376934666666,38.937,0.00219024,0.0,0.0,0.0,0.00281961,0.0,0.0,0.0,207.36,1
1593996483.5774188,26979,1574796005,462794065,navsat_link,2,1,40.66432185833333,-74.563769055,39.04899999999999,0.00227529,0.0,0.0,0.0,0.0034222500000000004,0.0,0.0,0.0,207.36,1
1593996483.7796388,26980,1574796005,664736032,navsat_link,2,1,40.664324066666666,-74.563769775,39.172,0.00245025,0.0,0.0,0.0,0.00455625,0.0,0.0,0.0,207.36,1
1593996483.9843092,26981,1574796005,869666099,navsat_link,2,1,40.664326565,-74.563769305,39.134,0.00219024,0.0,0.0,0.0,0.0031136400000000004,0.0,0.0,0.0,207.36,1
1593996484.212389,26982,1574796006,97551107,navsat_link,2,1,40.66432905333333,-74.56376902833334,39.095,0.00219024,0.0,0.0,0.0,0.0031136400000000004,0.0,0.0,0.0,207.36,1
1593996484.3749442,26983,1574796006,260459899,navsat_link,2,1,40.664331446666665,-74.56376885833333,39.032,0.00219024,0.0,0.0,0.0,0.00281961,0.0,0.0,0.0,207.36,1
1593996484.5814276,26984,1574796006,466979026,navsat_link,2,1,40.66433386,-74.56376918,39.146,0.00219024,0.0,0.0,0.0,0.0030140099999999997,0.0,0.0,0.0,207.36,1
1593996484.7759998,26985,1574796006,661509990,navsat_link,2,1,40.66433628666667,-74.56376921,39.13199999999999,0.00219024,0.0,0.0,0.0,0.00281961,0.0,0.0,0.0,207.36,1
1593996484.979371,26986,1574796006,864940881,navsat_link,2,1,40.66433887833333,-74.56376930333333,39.128,0.00219024,0.0,0.0,0.0,0.0027248400000000005,0.0,0.0,0.0,207.36,1
1593996485.1975384,26987,1574796007,82351922,navsat_link,2,1,40.664341058333335,-74.563768985,39.119,0.00219024,0.0,0.0,0.0,0.0027248400000000005,0.0,0.0,0.0,207.36,1
1593996485.3847692,26988,1574796007,270186901,navsat_link,2,1,40.66434344666666,-74.56376927333334,39.16,0.00219024,0.0,0.0,0.0,0.0029159999999999998,0.0,0.0,0.0,207.36,1
1593996485.5780327,26989,1574796007,463567018,navsat_link,2,1,40.66434591833333,-74.56376882833334,39.14099999999999,0.00219024,0.0,0.0,0.0,0.0027248400000000005,0.0,0.0,0.0,207.36,1
1593996485.7752044,26990,1574796007,660734891,navsat_link,2,1,40.66434836333333,-74.5637687,39.07299999999999,0.00219024,0.0,0.0,0.0,0.00281961,0.0,0.0,0.0,207.36,1
1593996485.9790072,26991,1574796007,864404916,navsat_link,2,1,40.66435088,-74.56376870333334,39.092,0.00219024,0.0,0.0,0.0,0.00281961,0.0,0.0,0.0,207.36,1
1593996486.2044528,26992,1574796008,89488029,navsat_link,2,1,40.664353238333334,-74.56376825333334,39.07900000000001,0.00219024,0.0,0.0,0.0,0.00281961,0.0,0.0,0.0,207.36,1
1593996486.3798616,26993,1574796008,265435934,navsat_link,2,1,40.664355725,-74.56376754833333,39.09700000000001,0.00219024,0.0,0.0,0.0,0.00281961,0.0,0.0,0.0,207.36,1
1593996486.5852215,26994,1574796008,470521926,navsat_link,2,1,40.664358115,-74.56376722333333,39.114999999999995,0.00219024,0.0,0.0,0.0,0.0029159999999999998,0.0,0.0,0.0,207.36,1
1593996486.7806895,26995,1574796008,665587902,navsat_link,2,1,40.66436058666667,-74.56376696,39.128,0.00219024,0.0,0.0,0.0,0.00281961,0.0,0.0,0.0,207.36,1
1593996486.980074,26996,1574796008,865422010,navsat_link,2,1,40.66436284,-74.56376635,39.141999999999996,0.00227529,0.0,0.0,0.0,0.00281961,0.0,0.0,0.0,207.36,1
1593996487.1847572,26997,1574796009,70310115,navsat_link,2,1,40.664365365,-74.56376573333333,39.143,0.00219024,0.0,0.0,0.0,0.00281961,0.0,0.0,0.0,207.36,1
1593996487.3843143,26998,1574796009,269010066,navsat_link,2,1,40.66436775333333,-74.563765495,39.17,0.00219024,0.0,0.0,0.0,0.0027248400000000005,0.0,0.0,0.0,207.36,1
1593996487.5795999,26999,1574796009,465017080,navsat_link,2,1,40.664370201666664,-74.56376536333333,39.18900000000001,0.00219024,0.0,0.0,0.0,0.0027248400000000005,0.0,0.0,0.0,207.36,1
1593996487.7849622,27000,1574796009,669883012,navsat_link,2,1,40.66437248,-74.56376567166667,39.230000000000004,0.00219024,0.0,0.0,0.0,0.0027248400000000005,0.0,0.0,0.0,207.36,1
1593996487.982988,27001,1574796009,868108987,navsat_link,2,1,40.664374895,-74.56376544666666,39.215,0.00219024,0.0,0.0,0.0,0.0027248400000000005,0.0,0.0,0.0,207.36,1
1593996488.192252,27002,1574796010,77625036,navsat_link,2,1,40.66437742833333,-74.56376485,39.199,0.00219024,0.0,0.0,0.0,0.0027248400000000005,0.0,0.0,0.0,207.36,1
1593996488.3867254,27003,1574796010,271984100,navsat_link,2,1,40.664379805,-74.56376464,39.281000000000006,0.00219024,0.0,0.0,0.0,0.0027248400000000005,0.0,0.0,0.0,207.36,1
1593996488.5869668,27004,1574796010,471951961,navsat_link,2,1,40.664382325,-74.56376423333333,39.21900000000001,0.00219024,0.0,0.0,0.0,0.0027248400000000005,0.0,0.0,0.0,207.36,1
1593996488.7821155,27005,1574796010,667211055,navsat_link,2,1,40.66438469,-74.56376379333334,39.179,0.00219024,0.0,0.0,0.0,0.00281961,0.0,0.0,0.0,207.36,1
1593996488.985826,27006,1574796010,870894908,navsat_link,2,1,40.664387268333336,-74.56376372333334,39.21900000000001,0.00227529,0.0,0.0,0.0,0.0034222500000000004,0.0,0.0,0.0,207.36,1
1593996489.186893,27007,1574796011,71636915,navsat_link,2,1,40.664389621666665,-74.56376433833333,39.20400000000001,0.00219024,0.0,0.0,0.0,0.0030140099999999997,0.0,0.0,0.0,207.36,1
1593996489.391726,27008,1574796011,276981115,navsat_link,2,1,40.66439213666666,-74.56376396166667,39.22,0.0023619599999999998,0.0,0.0,0.0,0.003856410000000001,0.0,0.0,0.0,207.36,1
1593996489.5920837,27009,1574796011,475131988,navsat_link,2,1,40.66439446333333,-74.56376353333333,39.269999999999996,0.00227529,0.0,0.0,0.0,0.0034222500000000004,0.0,0.0,0.0,207.36,1
1593996489.7830265,27010,1574796011,667861938,navsat_link,2,1,40.66439682,-74.56376339166667,39.376000000000005,0.00219024,0.0,0.0,0.0,0.00281961,0.0,0.0,0.0,207.36,1
1593996489.989588,27011,1574796011,874587059,navsat_link,2,1,40.66439942833333,-74.563762655,39.29900000000001,0.00219024,0.0,0.0,0.0,0.00281961,0.0,0.0,0.0,207.36,1
1593996490.1983051,27012,1574796012,83448886,navsat_link,2,1,40.66440184166667,-74.56376264,39.272999999999996,0.00219024,0.0,0.0,0.0,0.0029159999999999998,0.0,0.0,0.0,207.36,1
1593996490.3874822,27013,1574796012,272397041,navsat_link,2,1,40.664404356666665,-74.563761975,39.298,0.00219024,0.0,0.0,0.0,0.0029159999999999998,0.0,0.0,0.0,207.36,1
1593996490.590153,27014,1574796012,474541902,navsat_link,2,1,40.6644067,-74.56376165166667,39.294,0.00219024,0.0,0.0,0.0,0.0029159999999999998,0.0,0.0,0.0,207.36,1
1593996490.7871537,27015,1574796012,672100067,navsat_link,2,1,40.664409105,-74.563761495,39.370000000000005,0.00219024,0.0,0.0,0.0,0.0029159999999999998,0.0,0.0,0.0,207.36,1
1593996490.9997942,27016,1574796012,884418964,navsat_link,2,1,40.66441132,-74.56376145166666,39.348,0.00219024,0.0,0.0,0.0,0.0029159999999999998,0.0,0.0,0.0,207.36,1
1593996491.1864245,27017,1574796013,71477890,navsat_link,2,1,40.66441388333333,-74.56376075833333,39.363,0.00219024,0.0,0.0,0.0,0.0029159999999999998,0.0,0.0,0.0,207.36,1
1593996491.3931074,27018,1574796013,277736902,navsat_link,2,1,40.66441616,-74.56376036666667,39.364000000000004,0.00219024,0.0,0.0,0.0,0.0029159999999999998,0.0,0.0,0.0,207.36,1
1593996491.596183,27019,1574796013,481295108,navsat_link,2,1,40.66441825166667,-74.56376118666667,39.461,0.00219024,0.0,0.0,0.0,0.0029159999999999998,0.0,0.0,0.0,207.36,1
1593996491.8088324,27020,1574796013,693116903,navsat_link,2,1,40.664420873333334,-74.56376034666667,39.522000000000006,0.00219024,0.0,0.0,0.0,0.0029159999999999998,0.0,0.0,0.0,207.36,1
1593996491.9857728,27021,1574796013,870793104,navsat_link,2,1,40.664423408333334,-74.56375943833334,39.361999999999995,0.00219024,0.0,0.0,0.0,0.0029159999999999998,0.0,0.0,0.0,207.36,1
1593996492.1857827,27022,1574796014,70849895,navsat_link,2,1,40.66442592166667,-74.563758715,39.33,0.00219024,0.0,0.0,0.0,0.0029159999999999998,0.0,0.0,0.0,207.36,1
1593996492.3901055,27023,1574796014,275460958,navsat_link,2,1,40.664428435,-74.56375818333333,39.33800000000001,0.00219024,0.0,0.0,0.0,0.0031136400000000004,0.0,0.0,0.0,207.36,1
1593996492.5994155,27024,1574796014,484266042,navsat_link,2,1,40.66443091,-74.56375763166666,39.328,0.00219024,0.0,0.0,0.0,0.0031136400000000004,0.0,0.0,0.0,207.36,1
1593996492.7807088,27025,1574796014,666160106,navsat_link,2,1,40.66443329333333,-74.56375747,39.32000000000001,0.00219024,0.0,0.0,0.0,0.0030140099999999997,0.0,0.0,0.0,207.36,1
1593996492.9767935,27026,1574796014,862191915,navsat_link,2,1,40.664435608333335,-74.56375697166666,39.426,0.00219024,0.0,0.0,0.0,0.0030140099999999997,0.0,0.0,0.0,207.36,1
1593996493.1843808,27027,1574796015,69478988,navsat_link,2,1,40.66443810333333,-74.56375638333333,39.400000000000006,0.00219024,0.0,0.0,0.0,0.0029159999999999998,0.0,0.0,0.0,207.36,1
1593996493.3942645,27028,1574796015,279234886,navsat_link,2,1,40.66444063833333,-74.56375608,39.391000000000005,0.00219024,0.0,0.0,0.0,0.0029159999999999998,0.0,0.0,0.0,207.36,1
1593996493.5787923,27029,1574796015,464113950,navsat_link,2,1,40.664442885,-74.563755195,39.321,0.00227529,0.0,0.0,0.0,0.0031136400000000004,0.0,0.0,0.0,207.36,1
1593996493.786724,27030,1574796015,672166109,navsat_link,2,1,40.664445355,-74.56375466166666,39.269000000000005,0.00227529,0.0,0.0,0.0,0.0030140099999999997,0.0,0.0,0.0,207.36,1
1593996493.9868858,27031,1574796015,871855974,navsat_link,2,1,40.66444784833333,-74.563754755,39.31,0.00227529,0.0,0.0,0.0,0.0030140099999999997,0.0,0.0,0.0,207.36,1
1593996494.1952782,27032,1574796016,80507040,navsat_link,2,1,40.664450351666666,-74.56375423333333,39.259,0.00227529,0.0,0.0,0.0,0.0031136400000000004,0.0,0.0,0.0,207.36,1
1593996494.3931687,27033,1574796016,278579950,navsat_link,2,1,40.66445281166666,-74.56375396333334,39.271,0.00227529,0.0,0.0,0.0,0.0030140099999999997,0.0,0.0,0.0,207.36,1
1593996494.5858169,27034,1574796016,471059083,navsat_link,2,1,40.664455088333334,-74.563753455,39.42400000000001,0.00227529,0.0,0.0,0.0,0.0031136400000000004,0.0,0.0,0.0,207.36,1
1593996494.7830122,27035,1574796016,668021917,navsat_link,2,1,40.66445761833333,-74.56375299833333,39.316,0.00227529,0.0,0.0,0.0,0.0031136400000000004,0.0,0.0,0.0,207.36,1
1593996494.9792144,27036,1574796016,863917112,navsat_link,2,1,40.664460055,-74.56375242333333,39.301,0.00227529,0.0,0.0,0.0,0.0030140099999999997,0.0,0.0,0.0,207.36,1
1593996495.1783624,27037,1574796017,63788890,navsat_link,2,1,40.66446242166667,-74.56375242,39.352999999999994,0.00227529,0.0,0.0,0.0,0.0030140099999999997,0.0,0.0,0.0,207.36,1
1593996495.3879707,27038,1574796017,273127079,navsat_link,2,1,40.66446494666667,-74.56375205333333,39.312,0.00219024,0.0,0.0,0.0,0.0030140099999999997,0.0,0.0,0.0,207.36,1
1593996495.5807703,27039,1574796017,466147899,navsat_link,2,1,40.66446747333333,-74.56375181333334,39.271,0.00219024,0.0,0.0,0.0,0.0030140099999999997,0.0,0.0,0.0,207.36,1
1593996495.7743962,27040,1574796017,659821987,navsat_link,2,1,40.66446971333333,-74.563752105,39.376999999999995,0.00219024,0.0,0.0,0.0,0.0029159999999999998,0.0,0.0,0.0,207.36,1
1593996495.979722,27041,1574796017,864979982,navsat_link,2,1,40.66447198,-74.5637518,39.34400000000001,0.00227529,0.0,0.0,0.0,0.0029159999999999998,0.0,0.0,0.0,207.36,1
1593996496.1846912,27042,1574796018,69899082,navsat_link,2,1,40.66447420666667,-74.563751965,39.355000000000004,0.00227529,0.0,0.0,0.0,0.0030140099999999997,0.0,0.0,0.0,207.36,1
1593996496.3898218,27043,1574796018,275127887,navsat_link,2,1,40.664476871666665,-74.56375138166666,39.34700000000001,0.0023619599999999998,0.0,0.0,0.0,0.00321489,0.0,0.0,0.0,207.36,1
1593996496.594654,27044,1574796018,479672908,navsat_link,2,1,40.66447908166667,-74.56375071666666,39.265,0.00227529,0.0,0.0,0.0,0.00321489,0.0,0.0,0.0,207.36,1
1593996496.7773256,27045,1574796018,662472963,navsat_link,2,1,40.664482,-74.563749415,39.06,0.00219024,0.0,0.0,0.0,0.0029159999999999998,0.0,0.0,0.0,207.36,1
1593996496.9826436,27046,1574796018,867440938,navsat_link,2,1,40.664484398333336,-74.56374958166667,39.165000000000006,0.00219024,0.0,0.0,0.0,0.0029159999999999998,0.0,0.0,0.0,207.36,1
1593996497.1811702,27047,1574796019,66641092,navsat_link,2,1,40.66448668333334,-74.56374985333333,39.285,0.00219024,0.0,0.0,0.0,0.0031136400000000004,0.0,0.0,0.0,207.36,1
1593996497.3767996,27048,1574796019,262162923,navsat_link,2,1,40.66448905666667,-74.56374899166667,39.251999999999995,0.00219024,0.0,0.0,0.0,0.0031136400000000004,0.0,0.0,0.0,207.36,1
1593996497.5854986,27049,1574796019,470757961,navsat_link,2,1,40.664491551666664,-74.56374823666667,39.254000000000005,0.00219024,0.0,0.0,0.0,0.0029159999999999998,0.0,0.0,0.0,207.36,1
1593996497.7777216,27050,1574796019,662913084,navsat_link,2,1,40.66449402,-74.56374746666667,39.224999999999994,0.00219024,0.0,0.0,0.0,0.0029159999999999998,0.0,0.0,0.0,207.36,1
1593996497.9803522,27051,1574796019,865609884,navsat_link,2,1,40.66449653833333,-74.56374673166667,39.230000000000004,0.00219024,0.0,0.0,0.0,0.0030140099999999997,0.0,0.0,0.0,207.36,1
1593996498.1938088,27052,1574796020,78941106,navsat_link,2,1,40.664498715,-74.56374604833333,39.260000000000005,0.00219024,0.0,0.0,0.0,0.0030140099999999997,0.0,0.0,0.0,207.36,1
1593996498.3777215,27053,1574796020,263056993,navsat_link,2,1,40.66450119833333,-74.56374528166667,39.245000000000005,0.00219024,0.0,0.0,0.0,0.0030140099999999997,0.0,0.0,0.0,207.36,1
1593996498.5878534,27054,1574796020,473040103,navsat_link,2,1,40.66450317333333,-74.563744545,39.227000000000004,0.00219024,0.0,0.0,0.0,0.0030140099999999997,0.0,0.0,0.0,207.36,1
1593996498.7833312,27055,1574796020,668903112,navsat_link,2,1,40.664505086666665,-74.56374435666666,39.263000000000005,0.00219024,0.0,0.0,0.0,0.0029159999999999998,0.0,0.0,0.0,207.36,1
1593996498.9835403,27056,1574796020,868577957,navsat_link,2,1,40.66450725666667,-74.56374414333334,39.257999999999996,0.00219024,0.0,0.0,0.0,0.0029159999999999998,0.0,0.0,0.0,207.36,1
1593996499.1864886,27057,1574796021,71959018,navsat_link,2,1,40.66450974,-74.5637443,39.269999999999996,0.00219024,0.0,0.0,0.0,0.0029159999999999998,0.0,0.0,0.0,207.36,1
1593996499.3836038,27058,1574796021,268795013,navsat_link,2,1,40.66451244666667,-74.563744275,39.239999999999995,0.00219024,0.0,0.0,0.0,0.0029159999999999998,0.0,0.0,0.0,207.36,1
1593996499.5911977,27059,1574796021,476418018,navsat_link,2,1,40.664514705,-74.56374444166667,39.313,0.00219024,0.0,0.0,0.0,0.0029159999999999998,0.0,0.0,0.0,207.36,1
1593996499.784493,27060,1574796021,669924020,navsat_link,2,1,40.664517088333334,-74.56374454666667,39.327,0.00219024,0.0,0.0,0.0,0.0029159999999999998,0.0,0.0,0.0,207.36,1
1593996499.9795446,27061,1574796021,864938974,navsat_link,2,1,40.66451962,-74.56374464166667,39.352000000000004,0.00219024,0.0,0.0,0.0,0.0029159999999999998,0.0,0.0,0.0,207.36,1
1593996500.1873467,27062,1574796022,72709083,navsat_link,2,1,40.66452204833333,-74.56374437833334,39.345,0.00219024,0.0,0.0,0.0,0.0029159999999999998,0.0,0.0,0.0,207.36,1
1593996500.3763783,27063,1574796022,262025117,navsat_link,2,1,40.66452450166667,-74.56374428,39.331,0.00219024,0.0,0.0,0.0,0.0029159999999999998,0.0,0.0,0.0,207.36,1
1593996500.6107738,27064,1574796022,496491909,navsat_link,2,1,40.664526753333334,-74.56374466833333,39.416,0.00219024,0.0,0.0,0.0,0.0029159999999999998,0.0,0.0,0.0,207.36,1
1593996500.779687,27065,1574796022,665051937,navsat_link,2,1,40.66452929,-74.56374451833334,39.394999999999996,0.00219024,0.0,0.0,0.0,0.0029159999999999998,0.0,0.0,0.0,207.36,1
1593996500.986901,27066,1574796022,871325016,navsat_link,2,1,40.66453189166667,-74.56374433,39.327,0.00219024,0.0,0.0,0.0,0.0029159999999999998,0.0,0.0,0.0,207.36,1
1593996501.1884534,27067,1574796023,73477029,navsat_link,2,1,40.66453355666667,-74.56374552,39.608000000000004,0.00219024,0.0,0.0,0.0,0.0030140099999999997,0.0,0.0,0.0,207.36,1
1593996501.3854363,27068,1574796023,270243883,navsat_link,2,1,40.66453605666667,-74.56374534166666,39.629999999999995,0.00219024,0.0,0.0,0.0,0.0029159999999999998,0.0,0.0,0.0,207.36,1
1593996501.6188877,27069,1574796023,503983974,navsat_link,2,1,40.66453868333333,-74.56374562833334,39.632000000000005,0.00219024,0.0,0.0,0.0,0.0029159999999999998,0.0,0.0,0.0,207.36,1
1593996501.7833288,27070,1574796023,668582916,navsat_link,2,1,40.664541405,-74.56374484333334,39.489999999999995,0.00219024,0.0,0.0,0.0,0.0029159999999999998,0.0,0.0,0.0,207.36,1
1593996501.9864364,27071,1574796023,871531009,navsat_link,2,1,40.66454337166667,-74.56374485,39.574,0.00219024,0.0,0.0,0.0,0.0030140099999999997,0.0,0.0,0.0,207.36,1
1593996502.1924076,27072,1574796024,77759981,navsat_link,2,1,40.66454555,-74.56374433333333,39.56,0.0021068099999999998,0.0,0.0,0.0,0.0029159999999999998,0.0,0.0,0.0,207.36,1
1593996502.3876543,27073,1574796024,272521018,navsat_link,2,1,40.664548536666665,-74.56374356,39.349000000000004,0.0021068099999999998,0.0,0.0,0.0,0.0029159999999999998,0.0,0.0,0.0,207.36,1
1593996502.608488,27074,1574796024,493280887,navsat_link,2,1,40.66455112,-74.56374248833333,39.291,0.00219024,0.0,0.0,0.0,0.0029159999999999998,0.0,0.0,0.0,207.36,1
1593996502.781794,27075,1574796024,666872978,navsat_link,2,1,40.66455357,-74.56374238833334,39.438,0.00219024,0.0,0.0,0.0,0.0030140099999999997,0.0,0.0,0.0,207.36,1
1593996502.9845436,27076,1574796024,869429111,navsat_link,2,1,40.664555926666665,-74.56374181,39.407,0.00219024,0.0,0.0,0.0,0.0029159999999999998,0.0,0.0,0.0,207.36,1
1593996503.1876092,27077,1574796025,71871042,navsat_link,2,1,40.664558355,-74.56374148,39.43000000000001,0.00219024,0.0,0.0,0.0,0.0029159999999999998,0.0,0.0,0.0,207.36,1
1593996503.381199,27078,1574796025,266350030,navsat_link,2,1,40.66456062666666,-74.56374083666667,39.488,0.00219024,0.0,0.0,0.0,0.0029159999999999998,0.0,0.0,0.0,207.36,1
1593996503.6114829,27079,1574796025,496326923,navsat_link,2,1,40.66456299,-74.56374045166666,39.483999999999995,0.0021068099999999998,0.0,0.0,0.0,0.0029159999999999998,0.0,0.0,0.0,207.36,1
1593996503.791273,27080,1574796025,676151990,navsat_link,2,1,40.66456532833333,-74.56374007166667,39.473,0.0021068099999999998,0.0,0.0,0.0,0.0029159999999999998,0.0,0.0,0.0,207.36,1
1593996503.98756,27081,1574796025,872411012,navsat_link,2,1,40.66456766333334,-74.563739675,39.510999999999996,0.0021068099999999998,0.0,0.0,0.0,0.00281961,0.0,0.0,0.0,207.36,1
1593996504.1947317,27082,1574796026,79917907,navsat_link,2,1,40.66457012666667,-74.56373978666667,39.525999999999996,0.0021068099999999998,0.0,0.0,0.0,0.00281961,0.0,0.0,0.0,207.36,1
1593996504.3952112,27083,1574796026,280169010,navsat_link,2,1,40.66457267333333,-74.563739215,39.537000000000006,0.00219024,0.0,0.0,0.0,0.0029159999999999998,0.0,0.0,0.0,207.36,1
1593996504.6132598,27084,1574796026,498300075,navsat_link,2,1,40.66457512,-74.56373879666667,39.459,0.00219024,0.0,0.0,0.0,0.0029159999999999998,0.0,0.0,0.0,207.36,1
1593996504.7887876,27085,1574796026,672828912,navsat_link,2,1,40.664577505,-74.56373885,39.513999999999996,0.0021068099999999998,0.0,0.0,0.0,0.00281961,0.0,0.0,0.0,207.36,1
1593996504.986429,27086,1574796026,871560096,navsat_link,2,1,40.66457977666666,-74.56373906,39.522000000000006,0.00219024,0.0,0.0,0.0,0.0029159999999999998,0.0,0.0,0.0,207.36,1
1593996505.1870215,27087,1574796027,72134971,navsat_link,2,1,40.664582063333334,-74.56373867166667,39.510000000000005,0.0021068099999999998,0.0,0.0,0.0,0.00281961,0.0,0.0,0.0,207.36,1
1593996505.3843374,27088,1574796027,269741058,navsat_link,2,1,40.664584958333336,-74.56373800833333,39.522000000000006,0.0021068099999999998,0.0,0.0,0.0,0.00281961,0.0,0.0,0.0,207.36,1
1593996505.62274,27089,1574796027,507808923,navsat_link,2,1,40.664587448333336,-74.56373768333333,39.533,0.00219024,0.0,0.0,0.0,0.0029159999999999998,0.0,0.0,0.0,207.36,1
1593996505.7810771,27090,1574796027,666599035,navsat_link,2,1,40.66458967333333,-74.56373771,39.571,0.00219024,0.0,0.0,0.0,0.0029159999999999998,0.0,0.0,0.0,207.36,1
1593996505.9875615,27091,1574796027,872984886,navsat_link,2,1,40.66459213,-74.56373786666667,39.629999999999995,0.0021068099999999998,0.0,0.0,0.0,0.0029159999999999998,0.0,0.0,0.0,207.36,1
1593996506.1822798,27092,1574796028,67814111,navsat_link,2,1,40.664594405,-74.56373727833333,39.632000000000005,0.00219024,0.0,0.0,0.0,0.0035283600000000004,0.0,0.0,0.0,207.36,1
1593996506.3925235,27093,1574796028,277179002,navsat_link,2,1,40.664596975,-74.56373672333334,39.59100000000001,0.00219024,0.0,0.0,0.0,0.0030140099999999997,0.0,0.0,0.0,207.36,1
1593996506.5936,27094,1574796028,478964090,navsat_link,2,1,40.664599736666666,-74.56373669166666,39.64,0.0021068099999999998,0.0,0.0,0.0,0.0029159999999999998,0.0,0.0,0.0,207.36,1
1593996506.7917857,27095,1574796028,676453113,navsat_link,2,1,40.66460210666666,-74.56373661333333,39.598,0.00219024,0.0,0.0,0.0,0.0029159999999999998,0.0,0.0,0.0,207.36,1
1593996506.9858556,27096,1574796028,871279001,navsat_link,2,1,40.664604325,-74.56373649,39.587,0.0021068099999999998,0.0,0.0,0.0,0.0029159999999999998,0.0,0.0,0.0,207.36,1
1593996507.1856883,27097,1574796029,71072101,navsat_link,2,1,40.66460666333333,-74.56373644333334,39.543000000000006,0.0021068099999999998,0.0,0.0,0.0,0.00281961,0.0,0.0,0.0,207.36,1
1593996507.3874557,27098,1574796029,271761894,navsat_link,2,1,40.664609148333334,-74.56373615333334,39.586,0.0021068099999999998,0.0,0.0,0.0,0.00281961,0.0,0.0,0.0,207.36,1
1593996507.593887,27099,1574796029,479500055,navsat_link,2,1,40.66461161,-74.56373615166666,39.605000000000004,0.0021068099999999998,0.0,0.0,0.0,0.00281961,0.0,0.0,0.0,207.36,1
1593996507.7884572,27100,1574796029,673849105,navsat_link,2,1,40.664614085,-74.56373595833334,39.629999999999995,0.0021068099999999998,0.0,0.0,0.0,0.00281961,0.0,0.0,0.0,207.36,1
1593996507.990065,27101,1574796029,874846935,navsat_link,2,1,40.664616538333334,-74.56373565166666,39.64,0.0021068099999999998,0.0,0.0,0.0,0.00281961,0.0,0.0,0.0,207.36,1
1593996508.186214,27102,1574796030,71611881,navsat_link,2,1,40.6646189,-74.56373542666667,39.661,0.0021068099999999998,0.0,0.0,0.0,0.00281961,0.0,0.0,0.0,207.36,1
1593996508.3868911,27103,1574796030,271907091,navsat_link,2,1,40.66462130666667,-74.56373517666667,39.626999999999995,0.0021068099999999998,0.0,0.0,0.0,0.00281961,0.0,0.0,0.0,207.36,1
1593996508.5825105,27104,1574796030,467660903,navsat_link,2,1,40.664623735,-74.56373490333333,39.669,0.0021068099999999998,0.0,0.0,0.0,0.0029159999999999998,0.0,0.0,0.0,207.36,1
1593996508.7907252,27105,1574796030,676022052,navsat_link,2,1,40.664626088333335,-74.56373489833334,39.68300000000001,0.0021068099999999998,0.0,0.0,0.0,0.0029159999999999998,0.0,0.0,0.0,207.36,1
1593996508.9871347,27106,1574796030,872410058,navsat_link,2,1,40.66462855666666,-74.563734765,39.71000000000001,0.0021068099999999998,0.0,0.0,0.0,0.0029159999999999998,0.0,0.0,0.0,207.36,1
1593996509.1869566,27107,1574796031,72216033,navsat_link,2,1,40.66463099166667,-74.56373434166667,39.70700000000001,0.0021068099999999998,0.0,0.0,0.0,0.00281961,0.0,0.0,0.0,207.36,1
1593996509.3873775,27108,1574796031,272599935,navsat_link,2,1,40.664633538333334,-74.56373396,39.736000000000004,0.0021068099999999998,0.0,0.0,0.0,0.00281961,0.0,0.0,0.0,207.36,1
1593996509.5985003,27109,1574796031,483720064,navsat_link,2,1,40.664635948333334,-74.56373378166667,39.782,0.0021068099999999998,0.0,0.0,0.0,0.00281961,0.0,0.0,0.0,207.36,1
1593996509.7905657,27110,1574796031,675905942,navsat_link,2,1,40.66463836333333,-74.56373355166667,39.790000000000006,0.0021068099999999998,0.0,0.0,0.0,0.00281961,0.0,0.0,0.0,207.36,1
1593996509.9880707,27111,1574796031,873126029,navsat_link,2,1,40.66464055666667,-74.56373375166666,39.78,0.0021068099999999998,0.0,0.0,0.0,0.00281961,0.0,0.0,0.0,0.005184000000000001,1
1593996510.1908977,27112,1574796032,76351881,navsat_link,2,1,40.66464313833333,-74.56373306666667,39.791,8.100000000000002e-05,0.0,0.0,0.0,0.00018224999999999998,0.0,0.0,0.0,207.36,1
1593996510.389524,27113,1574796032,274779081,navsat_link,2,1,40.664645496666665,-74.56373262,39.819,0.0021068099999999998,0.0,0.0,0.0,0.00281961,0.0,0.0,0.0,207.36,1
1593996510.5836804,27114,1574796032,468866109,navsat_link,2,1,40.66464809833333,-74.56373229,39.842,0.0021068099999999998,0.0,0.0,0.0,0.00281961,0.0,0.0,0.0,207.36,1
1593996510.794076,27115,1574796032,679585933,navsat_link,2,1,40.66465019,-74.563732555,39.825,0.0021068099999999998,0.0,0.0,0.0,0.00281961,0.0,0.0,0.0,0.005184000000000001,1
1593996510.9820871,27116,1574796032,867443084,navsat_link,2,1,40.66465251666666,-74.56373223666667,39.843,5.184000000000001e-05,0.0,0.0,0.0,0.00015876,0.0,0.0,0.0,0.005184000000000001,1
1593996511.1866758,27117,1574796033,71822881,navsat_link,2,1,40.664655251666666,-74.563731275,39.861000000000004,6.560999999999999e-05,0.0,0.0,0.0,0.00015876,0.0,0.0,0.0,207.36,1
1593996511.3859854,27118,1574796033,269551038,navsat_link,2,1,40.66465771666667,-74.56373093166667,39.894000000000005,0.0021068099999999998,0.0,0.0,0.0,0.00281961,0.0,0.0,0.0,207.36,1
1593996511.6062837,27119,1574796033,490988969,navsat_link,2,1,40.6646604,-74.563730465,39.855000000000004,0.0021068099999999998,0.0,0.0,0.0,0.00281961,0.0,0.0,0.0,207.36,1
1593996511.790821,27120,1574796033,675514936,navsat_link,2,1,40.66466275166667,-74.56373016833334,39.861999999999995,0.0021068099999999998,0.0,0.0,0.0,0.00281961,0.0,0.0,0.0,207.36,1
1593996511.990248,27121,1574796033,875329017,navsat_link,2,1,40.66466474333333,-74.563729965,39.91,0.0021068099999999998,0.0,0.0,0.0,0.00281961,0.0,0.0,0.0,207.36,1
1593996512.1974912,27122,1574796034,82638978,navsat_link,2,1,40.66466728333333,-74.563729735,39.947,0.0021068099999999998,0.0,0.0,0.0,0.00281961,0.0,0.0,0.0,207.36,1
1593996512.3930109,27123,1574796034,277789115,navsat_link,2,1,40.66466991,-74.56372926666667,39.973,0.0021068099999999998,0.0,0.0,0.0,0.00281961,0.0,0.0,0.0,207.36,1
1593996512.593942,27124,1574796034,478857994,navsat_link,2,1,40.66467216,-74.56372883833333,39.949,0.0021068099999999998,0.0,0.0,0.0,0.00281961,0.0,0.0,0.0,207.36,1
1593996512.8130276,27125,1574796034,697623014,navsat_link,2,1,40.66467462833333,-74.56372851666667,39.967,0.0021068099999999998,0.0,0.0,0.0,0.00281961,0.0,0.0,0.0,207.36,1
1593996512.9937303,27126,1574796034,878772020,navsat_link,2,1,40.664676971666665,-74.56372805,39.96600000000001,0.0021068099999999998,0.0,0.0,0.0,0.00281961,0.0,0.0,0.0,207.36,1
1593996513.1961434,27127,1574796035,76173067,navsat_link,2,1,40.664679515,-74.56372769,39.974000000000004,0.0020250000000000003,0.0,0.0,0.0,0.0027248400000000005,0.0,0.0,0.0,207.36,1
1593996513.387637,27128,1574796035,272644042,navsat_link,2,1,40.664681791666666,-74.56372740166667,39.949,0.0020250000000000003,0.0,0.0,0.0,0.0027248400000000005,0.0,0.0,0.0,207.36,1
1593996513.5959885,27129,1574796035,478632926,navsat_link,2,1,40.66468429166667,-74.56372683166667,39.967,0.0020250000000000003,0.0,0.0,0.0,0.0027248400000000005,0.0,0.0,0.0,207.36,1
1593996513.8165817,27130,1574796035,700608968,navsat_link,2,1,40.66468684,-74.56372642166667,39.986999999999995,0.0020250000000000003,0.0,0.0,0.0,0.0027248400000000005,0.0,0.0,0.0,207.36,1
1593996513.9832082,27131,1574796035,867666959,navsat_link,2,1,40.66468934666667,-74.56372603333334,39.977000000000004,0.0020250000000000003,0.0,0.0,0.0,0.0027248400000000005,0.0,0.0,0.0,207.36,1
1593996514.1901453,27132,1574796036,75164079,navsat_link,2,1,40.664691401666666,-74.563725775,39.992000000000004,0.0020250000000000003,0.0,0.0,0.0,0.0027248400000000005,0.0,0.0,0.0,207.36,1
1593996514.3828669,27133,1574796036,268240928,navsat_link,2,1,40.664693875,-74.56372523833333,40.006,0.0020250000000000003,0.0,0.0,0.0,0.0027248400000000005,0.0,0.0,0.0,207.36,1
1593996514.5843785,27134,1574796036,469280004,navsat_link,2,1,40.66469645833333,-74.56372482,40.031000000000006,0.0020250000000000003,0.0,0.0,0.0,0.0027248400000000005,0.0,0.0,0.0,207.36,1
1593996514.8159966,27135,1574796036,700881004,navsat_link,2,1,40.664698728333335,-74.56372424166666,40.047,0.0020250000000000003,0.0,0.0,0.0,0.0027248400000000005,0.0,0.0,0.0,207.36,1
1593996514.990948,27136,1574796036,876061916,navsat_link,2,1,40.66470128666667,-74.56372373833334,40.05800000000001,0.0020250000000000003,0.0,0.0,0.0,0.0027248400000000005,0.0,0.0,0.0,207.36,1
1593996515.1970706,27137,1574796037,81772089,navsat_link,2,1,40.664703683333336,-74.56372354,40.054,0.0020250000000000003,0.0,0.0,0.0,0.0027248400000000005,0.0,0.0,0.0,207.36,1
1593996515.3903234,27138,1574796037,274600982,navsat_link,2,1,40.664706108333334,-74.56372320833333,40.05800000000001,0.0020250000000000003,0.0,0.0,0.0,0.0027248400000000005,0.0,0.0,0.0,207.36,1
1593996515.5862467,27139,1574796037,471378087,navsat_link,2,1,40.66470858833333,-74.56372299166667,40.072,0.0020250000000000003,0.0,0.0,0.0,0.0027248400000000005,0.0,0.0,0.0,207.36,1
1593996515.7847767,27140,1574796037,669440984,navsat_link,2,1,40.66471104166666,-74.56372297333333,40.083,0.0020250000000000003,0.0,0.0,0.0,0.0027248400000000005,0.0,0.0,0.0,207.36,1
1593996515.9873085,27141,1574796037,872493982,navsat_link,2,1,40.664713455,-74.56372288,40.09400000000001,0.0020250000000000003,0.0,0.0,0.0,0.0027248400000000005,0.0,0.0,0.0,207.36,1
1593996516.189277,27142,1574796038,74563980,navsat_link,2,1,40.66471584666667,-74.56372328,40.08800000000001,0.0020250000000000003,0.0,0.0,0.0,0.0027248400000000005,0.0,0.0,0.0,207.36,1
1593996516.386665,27143,1574796038,272149085,navsat_link,2,1,40.66471778333333,-74.56372338,40.08800000000001,0.0020250000000000003,0.0,0.0,0.0,0.0027248400000000005,0.0,0.0,0.0,207.36,1
1593996516.5869212,27144,1574796038,472052097,navsat_link,2,1,40.66472014666667,-74.56372352166666,40.122,0.0020250000000000003,0.0,0.0,0.0,0.0027248400000000005,0.0,0.0,0.0,207.36,1
1593996516.7897806,27145,1574796038,675074100,navsat_link,2,1,40.66472246833333,-74.56372373166667,40.135999999999996,0.0020250000000000003,0.0,0.0,0.0,0.0027248400000000005,0.0,0.0,0.0,207.36,1
1593996516.9905813,27146,1574796038,875710010,navsat_link,2,1,40.66472504666667,-74.56372330666667,40.162000000000006,0.0020250000000000003,0.0,0.0,0.0,0.0027248400000000005,0.0,0.0,0.0,207.36,1
1593996517.1888947,27147,1574796039,73806047,navsat_link,2,1,40.664727405,-74.56372277166666,40.188,0.0020250000000000003,0.0,0.0,0.0,0.0027248400000000005,0.0,0.0,0.0,207.36,1
1593996517.3909976,27148,1574796039,275907993,navsat_link,2,1,40.664729476666665,-74.56372228666666,40.21300000000001,0.0020250000000000003,0.0,0.0,0.0,0.0027248400000000005,0.0,0.0,0.0,207.36,1
1593996517.5843375,27149,1574796039,469513893,navsat_link,2,1,40.664731805,-74.56372159666667,40.242999999999995,0.0020250000000000003,0.0,0.0,0.0,0.0027248400000000005,0.0,0.0,0.0,207.36,1
1593996517.7820823,27150,1574796039,667530059,navsat_link,2,1,40.664734073333335,-74.563720585,40.268,0.0020250000000000003,0.0,0.0,0.0,0.0027248400000000005,0.0,0.0,0.0,207.36,1
1593996517.9813902,27151,1574796039,866683006,navsat_link,2,1,40.66473641,-74.56371983166666,40.287000000000006,0.0020250000000000003,0.0,0.0,0.0,0.0027248400000000005,0.0,0.0,0.0,207.36,1
1593996518.2009168,27152,1574796040,86052894,navsat_link,2,1,40.66473833333333,-74.56371890333334,40.30500000000001,0.0020250000000000003,0.0,0.0,0.0,0.0027248400000000005,0.0,0.0,0.0,207.36,1
1593996518.3897686,27153,1574796040,275444984,navsat_link,2,1,40.664740523333336,-74.56371836,40.346000000000004,0.0020250000000000003,0.0,0.0,0.0,0.0027248400000000005,0.0,0.0,0.0,207.36,1
1593996518.5905159,27154,1574796040,475967884,navsat_link,2,1,40.66474298666667,-74.56371827833334,40.34100000000001,0.0020250000000000003,0.0,0.0,0.0,0.0027248400000000005,0.0,0.0,0.0,207.36,1
1593996518.7914248,27155,1574796040,676398992,navsat_link,2,1,40.664745401666664,-74.56371809333334,40.385000000000005,0.0020250000000000003,0.0,0.0,0.0,0.0027248400000000005,0.0,0.0,0.0,207.36,1
1593996518.9845586,27156,1574796040,870275974,navsat_link,2,1,40.664747745,-74.563717695,40.409000000000006,0.0020250000000000003,0.0,0.0,0.0,0.0027248400000000005,0.0,0.0,0.0,207.36,1
1593996519.1872034,27157,1574796041,72587013,navsat_link,2,1,40.664750275,-74.563717395,40.416,0.0020250000000000003,0.0,0.0,0.0,0.0026316900000000003,0.0,0.0,0.0,207.36,1
1593996519.3842878,27158,1574796041,269949913,navsat_link,2,1,40.66475278,-74.56371723,40.46300000000001,0.0020250000000000003,0.0,0.0,0.0,0.0026316900000000003,0.0,0.0,0.0,207.36,1
1593996519.583101,27159,1574796041,468580961,navsat_link,2,1,40.664755115,-74.56371710666667,40.486999999999995,0.0020250000000000003,0.0,0.0,0.0,0.0026316900000000003,0.0,0.0,0.0,207.36,1
1593996519.7837172,27160,1574796041,668756008,navsat_link,2,1,40.664757546666664,-74.56371703666667,40.486000000000004,0.0020250000000000003,0.0,0.0,0.0,0.0026316900000000003,0.0,0.0,0.0,207.36,1
1593996519.9911697,27161,1574796041,876672029,navsat_link,2,1,40.664759913333334,-74.56371688,40.528000000000006,0.0020250000000000003,0.0,0.0,0.0,0.0026316900000000003,0.0,0.0,0.0,207.36,1
1593996520.1957018,27162,1574796042,81269979,navsat_link,2,1,40.66476229,-74.56371656666667,40.554,0.0020250000000000003,0.0,0.0,0.0,0.0026316900000000003,0.0,0.0,0.0,207.36,1
1593996520.3896058,27163,1574796042,275034904,navsat_link,2,1,40.664764696666666,-74.56371646666666,40.566,0.0020250000000000003,0.0,0.0,0.0,0.0026316900000000003,0.0,0.0,0.0,207.36,1
1593996520.589646,27164,1574796042,474783897,navsat_link,2,1,40.664767186666666,-74.56371634999999,40.592,0.0020250000000000003,0.0,0.0,0.0,0.0026316900000000003,0.0,0.0,0.0,207.36,1
1593996520.7857277,27165,1574796042,671158075,navsat_link,2,1,40.664769488333334,-74.56371603666666,40.613,0.00194481,0.0,0.0,0.0,0.0026316900000000003,0.0,0.0,0.0,207.36,1
1593996520.9914963,27166,1574796042,877101898,navsat_link,2,1,40.66477191333333,-74.56371581333333,40.635999999999996,0.00194481,0.0,0.0,0.0,0.0026316900000000003,0.0,0.0,0.0,207.36,1
1593996521.1788814,27167,1574796043,64241886,navsat_link,2,1,40.66477452,-74.563715495,40.67400000000001,0.00194481,0.0,0.0,0.0,0.0026316900000000003,0.0,0.0,0.0,207.36,1
1593996521.387784,27168,1574796043,273164033,navsat_link,2,1,40.66477680166667,-74.563715475,40.667,0.00194481,0.0,0.0,0.0,0.0026316900000000003,0.0,0.0,0.0,207.36,1
1593996521.590004,27169,1574796043,475286960,navsat_link,2,1,40.66477923833333,-74.56371533333333,40.7,0.00194481,0.0,0.0,0.0,0.0026316900000000003,0.0,0.0,0.0,207.36,1
1593996521.789272,27170,1574796043,674794912,navsat_link,2,1,40.66478157833333,-74.563715085,40.730000000000004,0.00194481,0.0,0.0,0.0,0.0026316900000000003,0.0,0.0,0.0,207.36,1
1593996522.001847,27171,1574796043,886925935,navsat_link,2,1,40.664783998333334,-74.563714725,40.744,0.00194481,0.0,0.0,0.0,0.0026316900000000003,0.0,0.0,0.0,207.36,1
1593996522.199644,27172,1574796044,84836959,navsat_link,2,1,40.664786301666666,-74.56371452666667,40.786,0.00194481,0.0,0.0,0.0,0.0026316900000000003,0.0,0.0,0.0,207.36,1
1593996522.3978524,27173,1574796044,283152103,navsat_link,2,1,40.6647888,-74.56371436166667,40.789,0.00194481,0.0,0.0,0.0,0.0026316900000000003,0.0,0.0,0.0,207.36,1
1593996522.5865526,27174,1574796044,472115039,navsat_link,2,1,40.664791216666664,-74.56371403333333,40.819,0.00194481,0.0,0.0,0.0,0.0026316900000000003,0.0,0.0,0.0,207.36,1
1593996522.7853236,27175,1574796044,670501947,navsat_link,2,1,40.66479367666667,-74.56371382166667,40.84100000000001,0.00194481,0.0,0.0,0.0,0.0026316900000000003,0.0,0.0,0.0,207.36,1
1593996523.0058045,27176,1574796044,891438007,navsat_link,2,1,40.664796061666664,-74.56371363333334,40.839,0.00194481,0.0,0.0,0.0,0.0026316900000000003,0.0,0.0,0.0,207.36,1
1593996523.1911314,27177,1574796045,76112985,navsat_link,2,1,40.66479843166667,-74.56371327333333,40.894999999999996,0.00194481,0.0,0.0,0.0,0.0026316900000000003,0.0,0.0,0.0,207.36,1
1593996523.4006133,27178,1574796045,283520936,navsat_link,2,1,40.66480088666667,-74.56371301,40.900999999999996,0.00194481,0.0,0.0,0.0,0.0026316900000000003,0.0,0.0,0.0,207.36,1
1593996523.5902898,27179,1574796045,470966100,navsat_link,2,1,40.66480344666667,-74.563712705,40.938,0.00194481,0.0,0.0,0.0,0.0026316900000000003,0.0,0.0,0.0,207.36,1
1593996523.7979693,27180,1574796045,682566881,navsat_link,2,1,40.66480574333333,-74.56371239666667,40.938,0.00194481,0.0,0.0,0.0,0.0026316900000000003,0.0,0.0,0.0,207.36,1
1593996524.0081084,27181,1574796045,893590927,navsat_link,2,1,40.664808201666666,-74.56371202166666,40.931,0.00194481,0.0,0.0,0.0,0.0026316900000000003,0.0,0.0,0.0,207.36,1
1593996524.1958423,27182,1574796046,81307888,navsat_link,2,1,40.66481073166667,-74.56371175666666,40.964,0.00194481,0.0,0.0,0.0,0.0026316900000000003,0.0,0.0,0.0,207.36,1
1593996524.396125,27183,1574796046,280610084,navsat_link,2,1,40.66481294,-74.56371154,41.006,0.00194481,0.0,0.0,0.0,0.0026316900000000003,0.0,0.0,0.0,207.36,1
1593996524.58584,27184,1574796046,471441030,navsat_link,2,1,40.664815518333334,-74.56371143166666,41.069,0.00194481,0.0,0.0,0.0,0.0026316900000000003,0.0,0.0,0.0,207.36,1
1593996524.7884204,27185,1574796046,673513889,navsat_link,2,1,40.664818005,-74.56371091166666,41.038,0.00194481,0.0,0.0,0.0,0.0026316900000000003,0.0,0.0,0.0,207.36,1
1593996524.981106,27186,1574796046,866411924,navsat_link,2,1,40.664820275,-74.56371033333333,41.016999999999996,0.00194481,0.0,0.0,0.0,0.0026316900000000003,0.0,0.0,0.0,207.36,1
1593996525.1790864,27187,1574796047,64434051,navsat_link,2,1,40.664823125,-74.56370998166666,41.034000000000006,0.00194481,0.0,0.0,0.0,0.0026316900000000003,0.0,0.0,0.0,207.36,1
1593996525.38579,27188,1574796047,270915031,navsat_link,2,1,40.664825666666665,-74.56370964666667,41.035,0.00194481,0.0,0.0,0.0,0.0026316900000000003,0.0,0.0,0.0,207.36,1
1593996525.589978,27189,1574796047,474291086,navsat_link,2,1,40.664827728333336,-74.56370918666667,40.989999999999995,0.00194481,0.0,0.0,0.0,0.0026316900000000003,0.0,0.0,0.0,207.36,1
1593996525.7834563,27190,1574796047,668651103,navsat_link,2,1,40.66483020333333,-74.56370863333333,40.977999999999994,0.00194481,0.0,0.0,0.0,0.0026316900000000003,0.0,0.0,0.0,207.36,1
1593996525.9895682,27191,1574796047,874082088,navsat_link,2,1,40.66483272333333,-74.56370792666667,41.018,0.00194481,0.0,0.0,0.0,0.0026316900000000003,0.0,0.0,0.0,207.36,1
1593996526.2003653,27192,1574796048,84779977,navsat_link,2,1,40.66483510166667,-74.56370725666666,40.983999999999995,0.00194481,0.0,0.0,0.0,0.0026316900000000003,0.0,0.0,0.0,207.36,1
1593996526.386079,27193,1574796048,271220922,navsat_link,2,1,40.664837295,-74.56370652833333,40.97200000000001,0.00194481,0.0,0.0,0.0,0.0026316900000000003,0.0,0.0,0.0,207.36,1
1593996526.5855715,27194,1574796048,470194101,navsat_link,2,1,40.664839715,-74.56370571166667,40.974000000000004,0.00194481,0.0,0.0,0.0,0.0026316900000000003,0.0,0.0,0.0,207.36,1
1593996526.7892926,27195,1574796048,674572944,navsat_link,2,1,40.664842075,-74.56370469666666,40.992999999999995,0.00194481,0.0,0.0,0.0,0.0026316900000000003,0.0,0.0,0.0,207.36,1
1593996526.9843721,27196,1574796048,869679927,navsat_link,2,1,40.66484436333333,-74.56370406,41.0,0.00194481,0.0,0.0,0.0,0.0026316900000000003,0.0,0.0,0.0,207.36,1
1593996527.1851938,27197,1574796049,70841073,navsat_link,2,1,40.664846901666664,-74.563703135,40.997,0.00194481,0.0,0.0,0.0,0.0026316900000000003,0.0,0.0,0.0,207.36,1
1593996527.3851137,27198,1574796049,270195960,navsat_link,2,1,40.664849163333336,-74.56370233166666,40.998000000000005,0.00194481,0.0,0.0,0.0,0.0026316900000000003,0.0,0.0,0.0,207.36,1
1593996527.5811872,27199,1574796049,466300964,navsat_link,2,1,40.66485160333333,-74.563701425,40.989000000000004,0.00194481,0.0,0.0,0.0,0.0026316900000000003,0.0,0.0,0.0,207.36,1
1593996527.7847152,27200,1574796049,670073986,navsat_link,2,1,40.664853805,-74.56370079,41.009,0.00194481,0.0,0.0,0.0,0.00254016,0.0,0.0,0.0,207.36,1
1593996527.981672,27201,1574796049,866894960,navsat_link,2,1,40.664856105,-74.5637,41.042,0.00194481,0.0,0.0,0.0,0.00254016,0.0,0.0,0.0,207.36,1
1593996528.2013156,27202,1574796050,86411952,navsat_link,2,1,40.664858505,-74.563698985,41.004999999999995,0.00194481,0.0,0.0,0.0,0.00254016,0.0,0.0,0.0,207.36,1
1593996528.3834825,27203,1574796050,268743038,navsat_link,2,1,40.66486081833333,-74.56369812333334,40.986999999999995,0.00194481,0.0,0.0,0.0,0.0026316900000000003,0.0,0.0,0.0,207.36,1
1593996528.5788176,27204,1574796050,464523077,navsat_link,2,1,40.66486297,-74.56369752166667,41.010999999999996,0.00194481,0.0,0.0,0.0,0.0026316900000000003,0.0,0.0,0.0,207.36,1
1593996528.7888827,27205,1574796050,673723936,navsat_link,2,1,40.66486448166667,-74.56369708833333,40.998999999999995,0.00194481,0.0,0.0,0.0,0.00254016,0.0,0.0,0.0,207.36,1
1593996528.984326,27206,1574796050,869880914,navsat_link,2,1,40.66486624,-74.5636969,41.001999999999995,0.00194481,0.0,0.0,0.0,0.00254016,0.0,0.0,0.0,207.36,1
1593996529.182353,27207,1574796051,67760944,navsat_link,2,1,40.664868786666666,-74.56369724333334,41.013999999999996,0.00194481,0.0,0.0,0.0,0.00254016,0.0,0.0,0.0,207.36,1
1593996529.3905334,27208,1574796051,275991916,navsat_link,2,1,40.664870908333334,-74.56369746833333,40.995999999999995,0.00194481,0.0,0.0,0.0,0.00254016,0.0,0.0,0.0,207.36,1
1593996529.5874615,27209,1574796051,472516059,navsat_link,2,1,40.66487335,-74.56369772166667,41.010999999999996,0.00194481,0.0,0.0,0.0,0.00254016,0.0,0.0,0.0,207.36,1
1593996529.7831833,27210,1574796051,668613910,navsat_link,2,1,40.664875605,-74.56369775166667,41.012,0.00194481,0.0,0.0,0.0,0.00254016,0.0,0.0,0.0,207.36,1
1593996529.9797637,27211,1574796051,865432024,navsat_link,2,1,40.66487722833333,-74.56369774,40.989000000000004,0.00194481,0.0,0.0,0.0,0.00254016,0.0,0.0,0.0,207.36,1
1593996530.2121494,27212,1574796052,97450017,navsat_link,2,1,40.66487857,-74.56369778166666,40.998000000000005,0.00194481,0.0,0.0,0.0,0.00254016,0.0,0.0,0.0,207.36,1
1593996530.406397,27213,1574796052,291902065,navsat_link,2,1,40.664880563333334,-74.56369691666667,41.013999999999996,0.00194481,0.0,0.0,0.0,0.00254016,0.0,0.0,0.0,207.36,1
1593996530.5836096,27214,1574796052,469275951,navsat_link,2,1,40.66488283333333,-74.56369544666667,41.019000000000005,0.00194481,0.0,0.0,0.0,0.00254016,0.0,0.0,0.0,207.36,1
1593996530.7853703,27215,1574796052,670483112,navsat_link,2,1,40.66488493333333,-74.56369422666667,41.001000000000005,0.00194481,0.0,0.0,0.0,0.00254016,0.0,0.0,0.0,207.36,1
1593996530.980579,27216,1574796052,866105079,navsat_link,2,1,40.664887033333336,-74.56369262666666,41.043000000000006,0.00194481,0.0,0.0,0.0,0.00254016,0.0,0.0,0.0,207.36,1
1593996531.2054853,27217,1574796053,91048002,navsat_link,2,1,40.664888528333336,-74.56369152166667,41.021,0.00194481,0.0,0.0,0.0,0.00254016,0.0,0.0,0.0,207.36,1
1593996531.3798482,27218,1574796053,264990091,navsat_link,2,1,40.66488954166667,-74.56369073666667,41.037000000000006,0.00194481,0.0,0.0,0.0,0.00254016,0.0,0.0,0.0,207.36,1
1593996531.585676,27219,1574796053,470990896,navsat_link,2,1,40.664890801666665,-74.56369060666667,41.021,0.00194481,0.0,0.0,0.0,0.00254016,0.0,0.0,0.0,207.36,1
1593996531.7834284,27220,1574796053,668672084,navsat_link,2,1,40.66489263333333,-74.56369021833333,41.0,0.00194481,0.0,0.0,0.0,0.00254016,0.0,0.0,0.0,207.36,1
1593996531.9847987,27221,1574796053,870208978,navsat_link,2,1,40.66489507166666,-74.56368986,41.016999999999996,0.00194481,0.0,0.0,0.0,0.00254016,0.0,0.0,0.0,207.36,1
1593996532.2183616,27222,1574796054,103344917,navsat_link,2,1,40.66489750833333,-74.563689565,41.013000000000005,0.00194481,0.0,0.0,0.0,0.00254016,0.0,0.0,0.0,207.36,1
1593996532.3832443,27223,1574796054,268786907,navsat_link,2,1,40.664899973333334,-74.56368947166666,41.032,0.00194481,0.0,0.0,0.0,0.00254016,0.0,0.0,0.0,207.36,1
1593996532.5899827,27224,1574796054,475192070,navsat_link,2,1,40.664902555,-74.563689425,41.018,0.00194481,0.0,0.0,0.0,0.00254016,0.0,0.0,0.0,207.36,1
1593996532.778152,27225,1574796054,663729906,navsat_link,2,1,40.664904385,-74.563689445,40.989999999999995,0.00194481,0.0,0.0,0.0,0.00254016,0.0,0.0,0.0,207.36,1
1593996532.9874463,27226,1574796054,872808933,navsat_link,2,1,40.66490645333333,-74.563689025,41.016999999999996,0.00194481,0.0,0.0,0.0,0.00254016,0.0,0.0,0.0,207.36,1
1593996533.2071447,27227,1574796055,91756105,navsat_link,2,1,40.664908718333336,-74.56368807,41.032,0.00194481,0.0,0.0,0.0,0.00254016,0.0,0.0,0.0,207.36,1
1593996533.3813896,27228,1574796055,266891956,navsat_link,2,1,40.66491089666667,-74.563687195,41.034000000000006,0.00194481,0.0,0.0,0.0,0.00254016,0.0,0.0,0.0,207.36,1
1593996533.5821009,27229,1574796055,467140913,navsat_link,2,1,40.66491327666667,-74.563686415,41.019999999999996,0.00194481,0.0,0.0,0.0,0.00254016,0.0,0.0,0.0,207.36,1
1593996533.7813854,27230,1574796055,666748046,navsat_link,2,1,40.66491549,-74.56368525333333,41.028999999999996,0.00194481,0.0,0.0,0.0,0.00254016,0.0,0.0,0.0,207.36,1
1593996533.9881613,27231,1574796055,873717069,navsat_link,2,1,40.66491703166667,-74.56368455333333,41.027,0.00194481,0.0,0.0,0.0,0.00254016,0.0,0.0,0.0,207.36,1
1593996534.1889582,27232,1574796056,74104070,navsat_link,2,1,40.664918555,-74.56368427833333,41.051,0.00194481,0.0,0.0,0.0,0.00254016,0.0,0.0,0.0,207.36,1
1593996534.3893986,27233,1574796056,274641036,navsat_link,2,1,40.664919313333336,-74.56368390666667,41.040000000000006,0.00194481,0.0,0.0,0.0,0.00254016,0.0,0.0,0.0,207.36,1
1593996534.5848432,27234,1574796056,469932079,navsat_link,2,1,40.66492074,-74.56368435,41.035,0.00194481,0.0,0.0,0.0,0.00254016,0.0,0.0,0.0,207.36,1
1593996534.7831578,27235,1574796056,668436050,navsat_link,2,1,40.66492275833333,-74.56368483,41.042,0.00194481,0.0,0.0,0.0,0.00254016,0.0,0.0,0.0,207.36,1
1593996534.9927535,27236,1574796056,877279043,navsat_link,2,1,40.66492523833333,-74.56368547166667,41.048,0.00194481,0.0,0.0,0.0,0.00254016,0.0,0.0,0.0,207.36,1
1593996535.1916804,27237,1574796057,76400995,navsat_link,2,1,40.664927643333336,-74.56368587666667,41.019000000000005,0.00194481,0.0,0.0,0.0,0.00254016,0.0,0.0,0.0,207.36,1
1593996535.3910708,27238,1574796057,276284933,navsat_link,2,1,40.66493010333333,-74.56368616,40.980999999999995,0.00194481,0.0,0.0,0.0,0.00254016,0.0,0.0,0.0,207.36,1
1593996535.5892127,27239,1574796057,474020957,navsat_link,2,1,40.664932476666664,-74.56368683166667,41.012,0.00194481,0.0,0.0,0.0,0.00254016,0.0,0.0,0.0,207.36,1
1593996535.787833,27240,1574796057,672549009,navsat_link,2,1,40.66493471,-74.563687305,41.03,0.00194481,0.0,0.0,0.0,0.00254016,0.0,0.0,0.0,207.36,1
1593996535.9867008,27241,1574796057,871793985,navsat_link,2,1,40.664936778333335,-74.56368730666667,41.025999999999996,0.00194481,0.0,0.0,0.0,0.00254016,0.0,0.0,0.0,207.36,1
1593996536.1962488,27242,1574796058,80657005,navsat_link,2,1,40.664938973333335,-74.563686985,41.022000000000006,0.00194481,0.0,0.0,0.0,0.00254016,0.0,0.0,0.0,207.36,1
1593996536.3976119,27243,1574796058,282402038,navsat_link,2,1,40.66494132333333,-74.56368665166667,41.038,0.00194481,0.0,0.0,0.0,0.00254016,0.0,0.0,0.0,207.36,1
1593996536.5970886,27244,1574796058,481333971,navsat_link,2,1,40.66494384,-74.56368615333334,41.036,0.00194481,0.0,0.0,0.0,0.00254016,0.0,0.0,0.0,207.36,1
1593996536.7906675,27245,1574796058,670914888,navsat_link,2,1,40.66494620833333,-74.56368572833334,41.025999999999996,0.00194481,0.0,0.0,0.0,0.00254016,0.0,0.0,0.0,207.36,1
1593996536.9949932,27246,1574796058,879578113,navsat_link,2,1,40.66494873833334,-74.56368517833333,40.992999999999995,0.00194481,0.0,0.0,0.0,0.00254016,0.0,0.0,0.0,207.36,1
1593996537.191707,27247,1574796059,76931953,navsat_link,2,1,40.664951173333336,-74.56368454166666,40.998999999999995,0.00194481,0.0,0.0,0.0,0.00254016,0.0,0.0,0.0,207.36,1
1593996537.4060926,27248,1574796059,291357040,navsat_link,2,1,40.664953515,-74.56368413,41.027,0.00194481,0.0,0.0,0.0,0.00254016,0.0,0.0,0.0,207.36,1
1593996537.591193,27249,1574796059,476341009,navsat_link,2,1,40.66495587833333,-74.563683565,41.016000000000005,0.00194481,0.0,0.0,0.0,0.00254016,0.0,0.0,0.0,207.36,1
1593996537.7912204,27250,1574796059,676183938,navsat_link,2,1,40.6649583,-74.563682975,41.019999999999996,0.00194481,0.0,0.0,0.0,0.00254016,0.0,0.0,0.0,207.36,1
1593996537.9870472,27251,1574796059,871803998,navsat_link,2,1,40.66496072,-74.56368251833334,40.998000000000005,0.00194481,0.0,0.0,0.0,0.00254016,0.0,0.0,0.0,207.36,1
1593996538.19468,27252,1574796060,79422950,navsat_link,2,1,40.6649632,-74.56368195333333,40.995999999999995,0.00194481,0.0,0.0,0.0,0.00254016,0.0,0.0,0.0,207.36,1
1593996538.4168277,27253,1574796060,301790952,navsat_link,2,1,40.664965523333336,-74.56368127833333,41.019999999999996,0.00194481,0.0,0.0,0.0,0.00254016,0.0,0.0,0.0,207.36,1
1593996538.584676,27254,1574796060,469068050,navsat_link,2,1,40.664967955,-74.56368053666667,41.013999999999996,0.00194481,0.0,0.0,0.0,0.0027248400000000005,0.0,0.0,0.0,207.36,1
1593996538.7930489,27255,1574796060,677762031,navsat_link,2,1,40.664970348333334,-74.56367999833333,40.971000000000004,0.00194481,0.0,0.0,0.0,0.0026316900000000003,0.0,0.0,0.0,207.36,1
1593996538.9894354,27256,1574796060,874463081,navsat_link,2,1,40.66497279166666,-74.56367951166666,40.980000000000004,0.00194481,0.0,0.0,0.0,0.0026316900000000003,0.0,0.0,0.0,207.36,1
1593996539.191087,27257,1574796061,76493978,navsat_link,2,1,40.664975145,-74.56367879166666,40.97200000000001,0.00194481,0.0,0.0,0.0,0.00254016,0.0,0.0,0.0,207.36,1
1593996539.4256067,27258,1574796061,310947895,navsat_link,2,1,40.664977531666665,-74.56367813333334,40.982,0.0018662400000000001,0.0,0.0,0.0,0.00254016,0.0,0.0,0.0,207.36,1
1593996539.5794957,27259,1574796061,465027093,navsat_link,2,1,40.664979888333335,-74.563677585,40.989000000000004,0.0018662400000000001,0.0,0.0,0.0,0.00254016,0.0,0.0,0.0,207.36,1
1593996539.778438,27260,1574796061,663918018,navsat_link,2,1,40.664982306666666,-74.56367683,40.995999999999995,0.0018662400000000001,0.0,0.0,0.0,0.00254016,0.0,0.0,0.0,207.36,1
1593996539.9852042,27261,1574796061,870491981,navsat_link,2,1,40.664984696666664,-74.56367612333334,40.989000000000004,0.0018662400000000001,0.0,0.0,0.0,0.00254016,0.0,0.0,0.0,207.36,1
1593996540.1857603,27262,1574796062,70923089,navsat_link,2,1,40.66498696666667,-74.56367561166667,40.97200000000001,0.0018662400000000001,0.0,0.0,0.0,0.00254016,0.0,0.0,0.0,207.36,1
1593996540.4038346,27263,1574796062,289206981,navsat_link,2,1,40.664989325,-74.563675275,40.995000000000005,0.0018662400000000001,0.0,0.0,0.0,0.00254016,0.0,0.0,0.0,207.36,1
1593996540.583036,27264,1574796062,468080043,navsat_link,2,1,40.66499188833333,-74.56367504,41.03,0.0018662400000000001,0.0,0.0,0.0,0.00254016,0.0,0.0,0.0,207.36,1
1593996540.7838826,27265,1574796062,669564008,navsat_link,2,1,40.664994285,-74.56367486,41.024,0.0018662400000000001,0.0,0.0,0.0,0.00254016,0.0,0.0,0.0,207.36,1
1593996540.9851587,27266,1574796062,870407104,navsat_link,2,1,40.66499677,-74.56367468666667,41.027,0.0018662400000000001,0.0,0.0,0.0,0.00254016,0.0,0.0,0.0,207.36,1
1593996541.1857934,27267,1574796063,71130990,navsat_link,2,1,40.66499915833333,-74.56367449666666,41.003,0.0018662400000000001,0.0,0.0,0.0,0.00254016,0.0,0.0,0.0,207.36,1
1593996541.4145153,27268,1574796063,299604892,navsat_link,2,1,40.665001636666666,-74.563674375,41.015,0.0018662400000000001,0.0,0.0,0.0,0.00254016,0.0,0.0,0.0,207.36,1
1593996541.5868459,27269,1574796063,472261905,navsat_link,2,1,40.66500405833333,-74.56367422666666,41.042,0.0018662400000000001,0.0,0.0,0.0,0.00254016,0.0,0.0,0.0,207.36,1
1593996541.795992,27270,1574796063,680722951,navsat_link,2,1,40.665006436666665,-74.56367414166667,41.03,0.0018662400000000001,0.0,0.0,0.0,0.00254016,0.0,0.0,0.0,207.36,1
1593996541.9925816,27271,1574796063,877804040,navsat_link,2,1,40.665008865,-74.563673915,41.041,0.0018662400000000001,0.0,0.0,0.0,0.00254016,0.0,0.0,0.0,207.36,1
1593996542.1963325,27272,1574796064,81407070,navsat_link,2,1,40.665011265,-74.56367367333333,41.025000000000006,0.0018662400000000001,0.0,0.0,0.0,0.00245025,0.0,0.0,0.0,207.36,1
1593996542.3965757,27273,1574796064,281461954,navsat_link,2,1,40.665013783333336,-74.56367345833333,41.022999999999996,0.0018662400000000001,0.0,0.0,0.0,0.00245025,0.0,0.0,0.0,207.36,1
1593996542.5821123,27274,1574796064,467616081,navsat_link,2,1,40.665016298333335,-74.563673065,41.036,0.0018662400000000001,0.0,0.0,0.0,0.00245025,0.0,0.0,0.0,207.36,1
1593996542.7940738,27275,1574796064,679181098,navsat_link,2,1,40.66501874833333,-74.56367270666667,41.040000000000006,0.0018662400000000001,0.0,0.0,0.0,0.00245025,0.0,0.0,0.0,207.36,1
1593996542.9892757,27276,1574796064,874991893,navsat_link,2,1,40.665021098333334,-74.56367234,41.054,0.0018662400000000001,0.0,0.0,0.0,0.00245025,0.0,0.0,0.0,207.36,1
1593996543.184425,27277,1574796065,70038080,navsat_link,2,1,40.66502345,-74.56367205666666,41.065,0.0018662400000000001,0.0,0.0,0.0,0.00245025,0.0,0.0,0.0,207.36,1
1593996543.3923013,27278,1574796065,277910947,navsat_link,2,1,40.665025936666666,-74.56367141,41.05200000000001,0.0018662400000000001,0.0,0.0,0.0,0.00245025,0.0,0.0,0.0,207.36,1
1593996543.583569,27279,1574796065,468878030,navsat_link,2,1,40.665028355,-74.56367074833334,41.05,0.0018662400000000001,0.0,0.0,0.0,0.00245025,0.0,0.0,0.0,207.36,1
1593996543.7847066,27280,1574796065,670159101,navsat_link,2,1,40.66503081333333,-74.563670175,41.027,0.0018662400000000001,0.0,0.0,0.0,0.00245025,0.0,0.0,0.0,207.36,1
1593996543.989199,27281,1574796065,874125957,navsat_link,2,1,40.66503314,-74.56366940833334,41.031000000000006,0.0018662400000000001,0.0,0.0,0.0,0.00245025,0.0,0.0,0.0,207.36,1
1593996544.1934352,27282,1574796066,79066038,navsat_link,2,1,40.66503547666667,-74.56366871333333,41.07900000000001,0.0018662400000000001,0.0,0.0,0.0,0.00245025,0.0,0.0,0.0,207.36,1
1593996544.395285,27283,1574796066,280761003,navsat_link,2,1,40.66503776166667,-74.56366785666667,41.043000000000006,0.0018662400000000001,0.0,0.0,0.0,0.00245025,0.0,0.0,0.0,207.36,1
1593996544.5857382,27284,1574796066,471009969,navsat_link,2,1,40.66504023666667,-74.56366703666667,41.05200000000001,0.0018662400000000001,0.0,0.0,0.0,0.00245025,0.0,0.0,0.0,207.36,1
1593996544.7834785,27285,1574796066,668673038,navsat_link,2,1,40.66504253833333,-74.563666105,41.04900000000001,0.0018662400000000001,0.0,0.0,0.0,0.00245025,0.0,0.0,0.0,207.36,1
1593996544.980865,27286,1574796066,866286993,navsat_link,2,1,40.665044865,-74.56366520333333,41.022999999999996,0.0018662400000000001,0.0,0.0,0.0,0.00245025,0.0,0.0,0.0,207.36,1
1593996545.1922376,27287,1574796067,77392101,navsat_link,2,1,40.665047271666666,-74.56366439166666,41.047,0.0018662400000000001,0.0,0.0,0.0,0.00245025,0.0,0.0,0.0,207.36,1
1593996545.398253,27288,1574796067,283735990,navsat_link,2,1,40.6650497,-74.563663745,41.036,0.0018662400000000001,0.0,0.0,0.0,0.00245025,0.0,0.0,0.0,207.36,1
1593996545.5916643,27289,1574796067,476974010,navsat_link,2,1,40.665051586666664,-74.56366326666667,41.019000000000005,0.0018662400000000001,0.0,0.0,0.0,0.00245025,0.0,0.0,0.0,207.36,1
1593996545.7940063,27290,1574796067,678801059,navsat_link,2,1,40.66505367,-74.56366298833333,41.040000000000006,0.0018662400000000001,0.0,0.0,0.0,0.00245025,0.0,0.0,0.0,207.36,1
1593996545.989929,27291,1574796067,875204086,navsat_link,2,1,40.665056265,-74.563662965,41.031000000000006,0.0018662400000000001,0.0,0.0,0.0,0.00245025,0.0,0.0,0.0,207.36,1
1593996546.1883535,27292,1574796068,73915958,navsat_link,2,1,40.665058691666665,-74.563662865,41.06100000000001,0.0018662400000000001,0.0,0.0,0.0,0.00245025,0.0,0.0,0.0,207.36,1
1593996546.3900485,27293,1574796068,274760007,navsat_link,2,1,40.66506109666667,-74.56366277666666,41.062,0.0018662400000000001,0.0,0.0,0.0,0.00245025,0.0,0.0,0.0,207.36,1
1593996546.5969467,27294,1574796068,481956958,navsat_link,2,1,40.665063653333334,-74.56366274,41.059,0.0018662400000000001,0.0,0.0,0.0,0.00245025,0.0,0.0,0.0,207.36,1
1593996546.7879705,27295,1574796068,673250913,navsat_link,2,1,40.665066018333334,-74.56366242,41.044,0.0017892900000000005,0.0,0.0,0.0,0.00245025,0.0,0.0,0.0,207.36,1
1593996546.9886296,27296,1574796068,873456001,navsat_link,2,1,40.66506838833333,-74.563662075,41.043000000000006,0.0017892900000000005,0.0,0.0,0.0,0.00245025,0.0,0.0,0.0,207.36,1
1593996547.1906948,27297,1574796069,75236082,navsat_link,2,1,40.665070818333334,-74.56366165333333,41.045,0.0017892900000000005,0.0,0.0,0.0,0.00245025,0.0,0.0,0.0,207.36,1
1593996547.3884077,27298,1574796069,273755073,navsat_link,2,1,40.665073371666665,-74.563661215,41.045,0.0017892900000000005,0.0,0.0,0.0,0.00245025,0.0,0.0,0.0,207.36,1
1593996547.6056597,27299,1574796069,491134881,navsat_link,2,1,40.66507567166666,-74.56366074166667,41.047,0.0017892900000000005,0.0,0.0,0.0,0.00245025,0.0,0.0,0.0,207.36,1
1593996547.7875466,27300,1574796069,672982931,navsat_link,2,1,40.665078075,-74.56366022666667,41.042,0.0017892900000000005,0.0,0.0,0.0,0.00245025,0.0,0.0,0.0,207.36,1
1593996547.9866078,27301,1574796069,871418952,navsat_link,2,1,40.66508051,-74.56365966,41.053,0.0017892900000000005,0.0,0.0,0.0,0.00245025,0.0,0.0,0.0,207.36,1
1593996548.199061,27302,1574796070,84105968,navsat_link,2,1,40.6650823,-74.563659285,41.047,0.0017892900000000005,0.0,0.0,0.0,0.0023619599999999998,0.0,0.0,0.0,207.36,1
1593996548.392253,27303,1574796070,276714086,navsat_link,2,1,40.665085053333335,-74.563659285,41.06100000000001,0.0017892900000000005,0.0,0.0,0.0,0.0023619599999999998,0.0,0.0,0.0,207.36,1
1593996548.6032956,27304,1574796070,484767913,navsat_link,2,1,40.665087486666664,-74.56365940333333,41.06,0.0017892900000000005,0.0,0.0,0.0,0.0023619599999999998,0.0,0.0,0.0,207.36,1
1593996548.7908816,27305,1574796070,676001071,navsat_link,2,1,40.66508962333333,-74.56365938333333,41.07000000000001,0.0017892900000000005,0.0,0.0,0.0,0.0023619599999999998,0.0,0.0,0.0,207.36,1
1593996548.9938433,27306,1574796070,878498077,navsat_link,2,1,40.665092298333334,-74.56365929333333,41.09400000000001,0.0017892900000000005,0.0,0.0,0.0,0.0023619599999999998,0.0,0.0,0.0,207.36,1
1593996549.1938145,27307,1574796071,78742980,navsat_link,2,1,40.66509465,-74.56365927833333,41.08800000000001,0.0017892900000000005,0.0,0.0,0.0,0.0023619599999999998,0.0,0.0,0.0,207.36,1
1593996549.3956103,27308,1574796071,278179883,navsat_link,2,1,40.665096995,-74.56365925333333,41.086,0.0017892900000000005,0.0,0.0,0.0,0.0023619599999999998,0.0,0.0,0.0,207.36,1
1593996549.611434,27309,1574796071,496354103,navsat_link,2,1,40.66509975333334,-74.56365917,41.111000000000004,0.0017892900000000005,0.0,0.0,0.0,0.0023619599999999998,0.0,0.0,0.0,207.36,1
1593996549.799656,27310,1574796071,684005022,navsat_link,2,1,40.66510205833333,-74.563659125,41.114999999999995,0.0017892900000000005,0.0,0.0,0.0,0.0023619599999999998,0.0,0.0,0.0,207.36,1
1593996549.9873133,27311,1574796071,872140884,navsat_link,2,1,40.665104515,-74.56365899,41.120000000000005,0.0017892900000000005,0.0,0.0,0.0,0.0023619599999999998,0.0,0.0,0.0,207.36,1
1593996550.1978192,27312,1574796072,82197904,navsat_link,2,1,40.665106945,-74.563658815,41.126999999999995,0.0017892900000000005,0.0,0.0,0.0,0.0023619599999999998,0.0,0.0,0.0,207.36,1
1593996550.3961556,27313,1574796072,280740976,navsat_link,2,1,40.66510941,-74.56365884,41.126999999999995,0.0017892900000000005,0.0,0.0,0.0,0.0023619599999999998,0.0,0.0,0.0,207.36,1
1593996550.5944245,27314,1574796072,478971958,navsat_link,2,1,40.665111853333336,-74.56365865166667,41.132999999999996,0.0017892900000000005,0.0,0.0,0.0,0.0023619599999999998,0.0,0.0,0.0,207.36,1
1593996550.790803,27315,1574796072,676105022,navsat_link,2,1,40.66511429166667,-74.56365866333333,41.114000000000004,0.0017892900000000005,0.0,0.0,0.0,0.0023619599999999998,0.0,0.0,0.0,207.36,1
1593996550.990658,27316,1574796072,876166105,navsat_link,2,1,40.66511671333333,-74.56365841333333,41.122,0.0017892900000000005,0.0,0.0,0.0,0.0023619599999999998,0.0,0.0,0.0,207.36,1
1593996551.193415,27317,1574796073,78336000,navsat_link,2,1,40.66511913833333,-74.56365824666666,41.14,0.0017892900000000005,0.0,0.0,0.0,0.0023619599999999998,0.0,0.0,0.0,207.36,1
1593996551.4058614,27318,1574796073,291085004,navsat_link,2,1,40.665121645,-74.563658145,41.138999999999996,0.0017892900000000005,0.0,0.0,0.0,0.0023619599999999998,0.0,0.0,0.0,207.36,1
1593996551.5850592,27319,1574796073,470510005,navsat_link,2,1,40.66512404666667,-74.56365785666667,41.141999999999996,0.0017892900000000005,0.0,0.0,0.0,0.0023619599999999998,0.0,0.0,0.0,207.36,1
1593996551.790303,27320,1574796073,675394058,navsat_link,2,1,40.665126525,-74.563657455,41.14,0.0017892900000000005,0.0,0.0,0.0,0.0023619599999999998,0.0,0.0,0.0,207.36,1
1593996551.9850485,27321,1574796073,870634078,navsat_link,2,1,40.66512887333333,-74.56365710333333,41.141999999999996,0.0017892900000000005,0.0,0.0,0.0,0.0023619599999999998,0.0,0.0,0.0,207.36,1
1593996552.2006238,27322,1574796074,86010932,navsat_link,2,1,40.66513135,-74.56365638666666,41.156000000000006,0.0017892900000000005,0.0,0.0,0.0,0.0023619599999999998,0.0,0.0,0.0,207.36,1
1593996552.400542,27323,1574796074,285876989,navsat_link,2,1,40.66513363833333,-74.56365562666667,41.134,0.0017892900000000005,0.0,0.0,0.0,0.0023619599999999998,0.0,0.0,0.0,207.36,1
1593996552.59632,27324,1574796074,480649948,navsat_link,2,1,40.665136015,-74.56365471333334,41.135000000000005,0.0017892900000000005,0.0,0.0,0.0,0.0023619599999999998,0.0,0.0,0.0,207.36,1
1593996552.7921023,27325,1574796074,677243947,navsat_link,2,1,40.66513827666667,-74.56365363666667,41.157,0.0017892900000000005,0.0,0.0,0.0,0.0023619599999999998,0.0,0.0,0.0,207.36,1
1593996552.9991415,27326,1574796074,883469104,navsat_link,2,1,40.66514063166667,-74.56365267333334,41.149,0.0017892900000000005,0.0,0.0,0.0,0.0023619599999999998,0.0,0.0,0.0,207.36,1
1593996553.1917083,27327,1574796075,77276945,navsat_link,2,1,40.665142975,-74.56365183666666,41.123999999999995,0.0017892900000000005,0.0,0.0,0.0,0.0023619599999999998,0.0,0.0,0.0,207.36,1
1593996553.3986018,27328,1574796075,283788919,navsat_link,2,1,40.66514518666666,-74.56365098,41.120000000000005,0.0017892900000000005,0.0,0.0,0.0,0.0023619599999999998,0.0,0.0,0.0,207.36,1
1593996553.5914435,27329,1574796075,476102113,navsat_link,2,1,40.66514737333333,-74.56365029666667,41.135999999999996,0.0017892900000000005,0.0,0.0,0.0,0.0023619599999999998,0.0,0.0,0.0,207.36,1
1593996553.7964602,27330,1574796075,681934118,navsat_link,2,1,40.66514976333333,-74.56364988666667,41.129000000000005,0.0017892900000000005,0.0,0.0,0.0,0.0023619599999999998,0.0,0.0,0.0,207.36,1
1593996553.9843876,27331,1574796075,869863033,navsat_link,2,1,40.66515225,-74.56364960333333,41.117000000000004,0.0017892900000000005,0.0,0.0,0.0,0.0023619599999999998,0.0,0.0,0.0,207.36,1
1593996554.1980958,27332,1574796076,83272933,navsat_link,2,1,40.665154666666666,-74.56364926166667,41.132000000000005,0.0017892900000000005,0.0,0.0,0.0,0.0023619599999999998,0.0,0.0,0.0,207.36,1
1593996554.3884284,27333,1574796076,273964881,navsat_link,2,1,40.66515720666666,-74.56364894,41.137,0.0017892900000000005,0.0,0.0,0.0,0.0023619599999999998,0.0,0.0,0.0,207.36,1
1593996554.5900047,27334,1574796076,475542068,navsat_link,2,1,40.66515961,-74.56364882166666,41.141000000000005,0.0017892900000000005,0.0,0.0,0.0,0.0023619599999999998,0.0,0.0,0.0,207.36,1
1593996554.7970085,27335,1574796076,681708097,navsat_link,2,1,40.66516199,-74.56364857666667,41.143,0.0017892900000000005,0.0,0.0,0.0,0.00227529,0.0,0.0,0.0,207.36,1
1593996554.9910047,27336,1574796076,876357078,navsat_link,2,1,40.665164518333334,-74.56364844833334,41.131,0.0017892900000000005,0.0,0.0,0.0,0.00227529,0.0,0.0,0.0,207.36,1
1593996555.189716,27337,1574796077,75134038,navsat_link,2,1,40.665166766666665,-74.563648195,41.135999999999996,0.0017892900000000005,0.0,0.0,0.0,0.00227529,0.0,0.0,0.0,207.36,1
1593996555.3979824,27338,1574796077,283169984,navsat_link,2,1,40.665169303333336,-74.56364794833334,41.141000000000005,0.0017892900000000005,0.0,0.0,0.0,0.00227529,0.0,0.0,0.0,207.36,1
1593996555.5964499,27339,1574796077,481395959,navsat_link,2,1,40.665171755,-74.563647955,41.129999999999995,0.00171396,0.0,0.0,0.0,0.00227529,0.0,0.0,0.0,207.36,1
1593996555.8053691,27340,1574796077,690059900,navsat_link,2,1,40.66517425666667,-74.56364776,41.144999999999996,0.00171396,0.0,0.0,0.0,0.00227529,0.0,0.0,0.0,207.36,1
1593996555.9902596,27341,1574796077,875673055,navsat_link,2,1,40.665176476666666,-74.56364754833334,41.168000000000006,0.00171396,0.0,0.0,0.0,0.00227529,0.0,0.0,0.0,207.36,1
1593996556.2021797,27342,1574796078,87161064,navsat_link,2,1,40.66517883833333,-74.56364729833334,41.143,0.00171396,0.0,0.0,0.0,0.00227529,0.0,0.0,0.0,207.36,1
1593996556.3929613,27343,1574796078,278143882,navsat_link,2,1,40.66518137,-74.56364706,41.187,0.00171396,0.0,0.0,0.0,0.00227529,0.0,0.0,0.0,207.36,1
1593996556.5901709,27344,1574796078,475816965,navsat_link,2,1,40.665183948333336,-74.563646825,41.155,0.00171396,0.0,0.0,0.0,0.00227529,0.0,0.0,0.0,207.36,1
1593996556.8181412,27345,1574796078,703165054,navsat_link,2,1,40.665186111666664,-74.563646465,41.123000000000005,0.0017892900000000005,0.0,0.0,0.0,0.00227529,0.0,0.0,0.0,207.36,1
1593996556.9841115,27346,1574796078,869548082,navsat_link,2,1,40.66518843833333,-74.56364613333334,41.144999999999996,0.0017892900000000005,0.0,0.0,0.0,0.0023619599999999998,0.0,0.0,0.0,207.36,1
1593996557.1945403,27347,1574796079,80044984,navsat_link,2,1,40.665191,-74.563645805,41.168000000000006,0.0017892900000000005,0.0,0.0,0.0,0.0023619599999999998,0.0,0.0,0.0,207.36,1
1593996557.4009757,27348,1574796079,286596059,navsat_link,2,1,40.665193605,-74.56364543,41.173,0.00171396,0.0,0.0,0.0,0.00227529,0.0,0.0,0.0,207.36,1
1593996557.5888307,27349,1574796079,474406957,navsat_link,2,1,40.66519607833333,-74.56364487,41.150000000000006,0.0017892900000000005,0.0,0.0,0.0,0.00227529,0.0,0.0,0.0,207.36,1
1593996557.791915,27350,1574796079,677222967,navsat_link,2,1,40.66519837,-74.56364445166666,41.162000000000006,0.0017892900000000005,0.0,0.0,0.0,0.00227529,0.0,0.0,0.0,207.36,1
1593996557.997135,27351,1574796079,882267951,navsat_link,2,1,40.665200893333335,-74.56364415,41.128,0.0017892900000000005,0.0,0.0,0.0,0.00227529,0.0,0.0,0.0,207.36,1
1593996558.1993117,27352,1574796080,79935073,navsat_link,2,1,40.665203051666666,-74.56364348,41.20700000000001,0.0017892900000000005,0.0,0.0,0.0,0.00227529,0.0,0.0,0.0,207.36,1
1593996558.4005835,27353,1574796080,286293029,navsat_link,2,1,40.66520551666667,-74.56364303666666,41.2,0.0017892900000000005,0.0,0.0,0.0,0.00227529,0.0,0.0,0.0,207.36,1
1593996558.5940404,27354,1574796080,479279994,navsat_link,2,1,40.66520813166667,-74.56364281,41.19,0.0017892900000000005,0.0,0.0,0.0,0.00227529,0.0,0.0,0.0,207.36,1
1593996558.7936752,27355,1574796080,679166078,navsat_link,2,1,40.66521055166667,-74.56364274166667,41.214,0.0017892900000000005,0.0,0.0,0.0,0.00227529,0.0,0.0,0.0,207.36,1
1593996558.9921143,27356,1574796080,876703023,navsat_link,2,1,40.66521277333333,-74.56364276,41.19200000000001,0.00171396,0.0,0.0,0.0,0.00227529,0.0,0.0,0.0,207.36,1
1593996559.194192,27357,1574796081,79221010,navsat_link,2,1,40.665215401666664,-74.56364269833334,41.2,0.0017892900000000005,0.0,0.0,0.0,0.00227529,0.0,0.0,0.0,207.36,1
1593996559.4062004,27358,1574796081,289586067,navsat_link,2,1,40.665217766666665,-74.56364280333334,41.19200000000001,0.0017892900000000005,0.0,0.0,0.0,0.00227529,0.0,0.0,0.0,207.36,1
1593996559.594077,27359,1574796081,478873968,navsat_link,2,1,40.665220143333336,-74.56364273,41.17100000000001,0.00171396,0.0,0.0,0.0,0.00227529,0.0,0.0,0.0,207.36,1
1593996559.806306,27360,1574796081,690576076,navsat_link,2,1,40.665222645,-74.56364270333333,41.196,0.00171396,0.0,0.0,0.0,0.00227529,0.0,0.0,0.0,207.36,1
1593996559.999787,27361,1574796081,884814977,navsat_link,2,1,40.665224976666664,-74.56364254,41.211,0.00171396,0.0,0.0,0.0,0.00227529,0.0,0.0,0.0,207.36,1
1593996560.1994944,27362,1574796082,82086086,navsat_link,2,1,40.665227535,-74.56364260166667,41.230000000000004,0.00171396,0.0,0.0,0.0,0.00227529,0.0,0.0,0.0,207.36,1
1593996560.4046578,27363,1574796082,288546085,navsat_link,2,1,40.66522986,-74.563642435,41.199,0.00171396,0.0,0.0,0.0,0.00227529,0.0,0.0,0.0,207.36,1
1593996560.5981224,27364,1574796082,482613086,navsat_link,2,1,40.665232415,-74.563642095,41.197,0.00171396,0.0,0.0,0.0,0.00227529,0.0,0.0,0.0,207.36,1
1593996560.8001354,27365,1574796082,684725999,navsat_link,2,1,40.665234925,-74.56364164833333,41.20100000000001,0.00171396,0.0,0.0,0.0,0.00227529,0.0,0.0,0.0,207.36,1
1593996561.0032032,27366,1574796082,887680053,navsat_link,2,1,40.665237005,-74.56364161,41.188,0.00171396,0.0,0.0,0.0,0.00227529,0.0,0.0,0.0,207.36,1
1593996561.2008731,27367,1574796083,79554080,navsat_link,2,1,40.66523922166667,-74.563640945,41.251999999999995,0.00171396,0.0,0.0,0.0,0.00227529,0.0,0.0,0.0,207.36,1
1593996561.3891268,27368,1574796083,274343967,navsat_link,2,1,40.66524195,-74.56364017,41.187,0.00171396,0.0,0.0,0.0,0.00227529,0.0,0.0,0.0,207.36,1
1593996561.601029,27369,1574796083,485491991,navsat_link,2,1,40.665243770000004,-74.56363958333333,41.33200000000001,0.00171396,0.0,0.0,0.0,0.00227529,0.0,0.0,0.0,207.36,1
1593996561.7939243,27370,1574796083,679572105,navsat_link,2,1,40.665246255,-74.563638665,41.32900000000001,0.00171396,0.0,0.0,0.0,0.00227529,0.0,0.0,0.0,207.36,1
1593996561.9930165,27371,1574796083,877628087,navsat_link,2,1,40.665248335,-74.56363725333334,41.373999999999995,0.00171396,0.0,0.0,0.0,0.00227529,0.0,0.0,0.0,207.36,1
1593996562.2061257,27372,1574796084,91197013,navsat_link,2,1,40.66525034,-74.56363619833333,41.260999999999996,0.00171396,0.0,0.0,0.0,0.00227529,0.0,0.0,0.0,207.36,1
1593996562.3942444,27373,1574796084,279371023,navsat_link,2,1,40.66525237,-74.56363572333333,41.339,0.00171396,0.0,0.0,0.0,0.00227529,0.0,0.0,0.0,207.36,1
1593996562.5947106,27374,1574796084,479393005,navsat_link,2,1,40.665254561666664,-74.56363504666666,41.31700000000001,0.00171396,0.0,0.0,0.0,0.00227529,0.0,0.0,0.0,207.36,1
1593996562.794106,27375,1574796084,679234027,navsat_link,2,1,40.66525701,-74.56363508833333,41.357,0.00171396,0.0,0.0,0.0,0.00227529,0.0,0.0,0.0,207.36,1
1593996562.9920392,27376,1574796084,876785993,navsat_link,2,1,40.66525951333333,-74.56363483,41.33800000000001,0.00171396,0.0,0.0,0.0,0.00227529,0.0,0.0,0.0,207.36,1
1593996563.1923454,27377,1574796085,77115058,navsat_link,2,1,40.66526183,-74.56363447333334,41.372,0.00171396,0.0,0.0,0.0,0.00227529,0.0,0.0,0.0,207.36,1
1593996563.393002,27378,1574796085,277662038,navsat_link,2,1,40.66526428833333,-74.56363423166667,41.397000000000006,0.00171396,0.0,0.0,0.0,0.00227529,0.0,0.0,0.0,207.36,1
1593996563.5868602,27379,1574796085,472239971,navsat_link,2,1,40.66526667666667,-74.563633905,41.363,0.00171396,0.0,0.0,0.0,0.00227529,0.0,0.0,0.0,207.36,1
1593996563.7911131,27380,1574796085,676394939,navsat_link,2,1,40.66526907833333,-74.563633245,41.343,0.00171396,0.0,0.0,0.0,0.00227529,0.0,0.0,0.0,207.36,1
1593996563.9938881,27381,1574796085,879060983,navsat_link,2,1,40.66527155166666,-74.56363272666667,41.357,0.00171396,0.0,0.0,0.0,0.00227529,0.0,0.0,0.0,207.36,1
1593996564.1933637,27382,1574796086,78768014,navsat_link,2,1,40.66527407,-74.56363217,41.348,0.00171396,0.0,0.0,0.0,0.00227529,0.0,0.0,0.0,207.36,1
1593996564.3851845,27383,1574796086,270615100,navsat_link,2,1,40.66527656,-74.56363169,41.357,0.00171396,0.0,0.0,0.0,0.00227529,0.0,0.0,0.0,207.36,1
1593996564.5894253,27384,1574796086,474672079,navsat_link,2,1,40.66527863,-74.56363146833333,41.334,0.00171396,0.0,0.0,0.0,0.00227529,0.0,0.0,0.0,207.36,1
1593996564.7823644,27385,1574796086,667831897,navsat_link,2,1,40.66528106,-74.56363108833334,41.331,0.00171396,0.0,0.0,0.0,0.00227529,0.0,0.0,0.0,207.36,1
1593996564.9931505,27386,1574796086,878498077,navsat_link,2,1,40.66528359666667,-74.56363055166666,41.325,0.00171396,0.0,0.0,0.0,0.00227529,0.0,0.0,0.0,207.36,1
1593996565.185924,27387,1574796087,70910930,navsat_link,2,1,40.665286368333334,-74.563629495,41.289,0.00171396,0.0,0.0,0.0,0.00227529,0.0,0.0,0.0,207.36,1
1593996565.390472,27388,1574796087,275697946,navsat_link,2,1,40.665288483333335,-74.563629485,41.343,0.0017892900000000005,0.0,0.0,0.0,0.0023619599999999998,0.0,0.0,0.0,207.36,1
1593996565.5851014,27389,1574796087,470289945,navsat_link,2,1,40.66529107833333,-74.56362876833333,41.34100000000001,0.00171396,0.0,0.0,0.0,0.0023619599999999998,0.0,0.0,0.0,207.36,1
1593996565.786575,27390,1574796087,672091007,navsat_link,2,1,40.665293733333336,-74.56362784833334,41.385000000000005,0.0017892900000000005,0.0,0.0,0.0,0.0023619599999999998,0.0,0.0,0.0,207.36,1
1593996565.9893744,27391,1574796087,874610900,navsat_link,2,1,40.66529602833333,-74.56362731333333,41.45,0.00171396,0.0,0.0,0.0,0.00227529,0.0,0.0,0.0,207.36,1
1593996566.1945677,27392,1574796088,79785108,navsat_link,2,1,40.66529833,-74.56362678833334,41.43300000000001,0.00171396,0.0,0.0,0.0,0.00227529,0.0,0.0,0.0,207.36,1
1593996566.3805368,27393,1574796088,266088008,navsat_link,2,1,40.665300705,-74.563626265,41.376999999999995,0.0017892900000000005,0.0,0.0,0.0,0.0023619599999999998,0.0,0.0,0.0,207.36,1
1593996566.5887356,27394,1574796088,473797082,navsat_link,2,1,40.665303191666666,-74.56362563166667,41.400999999999996,0.0017892900000000005,0.0,0.0,0.0,0.0023619599999999998,0.0,0.0,0.0,207.36,1
1593996566.782287,27395,1574796088,667560100,navsat_link,2,1,40.665305481666664,-74.563625195,41.405,0.00171396,0.0,0.0,0.0,0.00227529,0.0,0.0,0.0,207.36,1
1593996567.008705,27396,1574796088,893599987,navsat_link,2,1,40.66530796,-74.56362461333333,41.441,0.00171396,0.0,0.0,0.0,0.00227529,0.0,0.0,0.0,207.36,1
1593996567.1788208,27397,1574796089,64313888,navsat_link,2,1,40.665310335,-74.56362417833333,41.416,0.00171396,0.0,0.0,0.0,0.00227529,0.0,0.0,0.0,207.36,1
1593996567.3817105,27398,1574796089,267014980,navsat_link,2,1,40.66531281666666,-74.56362362833333,41.405,0.00171396,0.0,0.0,0.0,0.00227529,0.0,0.0,0.0,207.36,1
1593996567.5857148,27399,1574796089,471062898,navsat_link,2,1,40.665315361666664,-74.56362359,41.414,0.00171396,0.0,0.0,0.0,0.00227529,0.0,0.0,0.0,207.36,1
1593996567.785174,27400,1574796089,670480012,navsat_link,2,1,40.66531772333333,-74.56362313666666,41.428,0.00171396,0.0,0.0,0.0,0.00227529,0.0,0.0,0.0,207.36,1
1593996567.9871259,27401,1574796089,872236967,navsat_link,2,1,40.66532025666667,-74.56362316333333,41.432,0.00171396,0.0,0.0,0.0,0.00227529,0.0,0.0,0.0,207.36,1
1593996568.1865401,27402,1574796090,71943998,navsat_link,2,1,40.66532250666667,-74.56362293333333,41.464,0.00171396,0.0,0.0,0.0,0.00227529,0.0,0.0,0.0,207.36,1
1593996568.3824234,27403,1574796090,267772912,navsat_link,2,1,40.66532504333333,-74.56362302166667,41.391000000000005,0.00171396,0.0,0.0,0.0,0.00227529,0.0,0.0,0.0,207.36,1
1593996568.5872862,27404,1574796090,472646951,navsat_link,2,1,40.665327485,-74.56362280166667,41.44200000000001,0.00171396,0.0,0.0,0.0,0.00227529,0.0,0.0,0.0,207.36,1
1593996568.7853012,27405,1574796090,670577049,navsat_link,2,1,40.665329965,-74.56362305166667,41.417,0.00171396,0.0,0.0,0.0,0.00227529,0.0,0.0,0.0,207.36,1
1593996569.0027947,27406,1574796090,888282060,navsat_link,2,1,40.66533238833333,-74.56362336333333,41.370000000000005,0.00171396,0.0,0.0,0.0,0.00227529,0.0,0.0,0.0,207.36,1
1593996569.187359,27407,1574796091,72746992,navsat_link,2,1,40.66533478,-74.56362358,41.382999999999996,0.00171396,0.0,0.0,0.0,0.00227529,0.0,0.0,0.0,207.36,1
1593996569.3895488,27408,1574796091,274566888,navsat_link,2,1,40.665337271666665,-74.56362402,41.403999999999996,0.00171396,0.0,0.0,0.0,0.00227529,0.0,0.0,0.0,207.36,1
1593996569.590592,27409,1574796091,476044893,navsat_link,2,1,40.66533964,-74.56362448166666,41.423,0.00171396,0.0,0.0,0.0,0.00227529,0.0,0.0,0.0,207.36,1
1593996569.7848425,27410,1574796091,669713973,navsat_link,2,1,40.665341975,-74.5636249,41.408,0.00164025,0.0,0.0,0.0,0.00227529,0.0,0.0,0.0,207.36,1
1593996569.9909844,27411,1574796091,876142024,navsat_link,2,1,40.665344393333335,-74.563625565,41.396,0.00164025,0.0,0.0,0.0,0.00227529,0.0,0.0,0.0,207.36,1
1593996570.191877,27412,1574796092,77332019,navsat_link,2,1,40.665346848333336,-74.56362623833333,41.41,0.00164025,0.0,0.0,0.0,0.00227529,0.0,0.0,0.0,207.36,1
1593996570.3865988,27413,1574796092,271377086,navsat_link,2,1,40.66534922833333,-74.56362696666666,41.434,0.00164025,0.0,0.0,0.0,0.00227529,0.0,0.0,0.0,207.36,1
1593996570.5839508,27414,1574796092,469336986,navsat_link,2,1,40.665351666666666,-74.56362774833333,41.43900000000001,0.00171396,0.0,0.0,0.0,0.00227529,0.0,0.0,0.0,207.36,1
1593996570.7824314,27415,1574796092,667300939,navsat_link,2,1,40.665354048333334,-74.56362868833334,41.42100000000001,0.00171396,0.0,0.0,0.0,0.00227529,0.0,0.0,0.0,207.36,1
1593996570.9877868,27416,1574796092,872904062,navsat_link,2,1,40.665356075,-74.56362969666667,41.41,0.00171396,0.0,0.0,0.0,0.00219024,0.0,0.0,0.0,207.36,1
1593996571.1904156,27417,1574796093,75504064,navsat_link,2,1,40.66535755833333,-74.563630125,41.417,0.00164025,0.0,0.0,0.0,0.00219024,0.0,0.0,0.0,207.36,1
1593996571.3860648,27418,1574796093,271258115,navsat_link,2,1,40.665358346666665,-74.56363030166666,41.428,0.00164025,0.0,0.0,0.0,0.00219024,0.0,0.0,0.0,207.36,1
1593996571.5916903,27419,1574796093,476144075,navsat_link,2,1,40.66535868,-74.56363014,41.43000000000001,0.00164025,0.0,0.0,0.0,0.00219024,0.0,0.0,0.0,207.36,1
1593996571.7841527,27420,1574796093,669049024,navsat_link,2,1,40.66535857,-74.56362970166667,41.42700000000001,0.00164025,0.0,0.0,0.0,0.00219024,0.0,0.0,0.0,207.36,1
1593996571.9875178,27421,1574796093,871510028,navsat_link,2,1,40.66535853333333,-74.563630025,41.43300000000001,0.00164025,0.0,0.0,0.0,0.00219024,0.0,0.0,0.0,207.36,1
1593996572.2026982,27422,1574796094,87181091,navsat_link,2,1,40.66535871666667,-74.56362975833333,41.423,0.00164025,0.0,0.0,0.0,0.00219024,0.0,0.0,0.0,207.36,1
1593996572.3909101,27423,1574796094,275055885,navsat_link,2,1,40.665358913333336,-74.56362963333333,41.411,0.00164025,0.0,0.0,0.0,0.00219024,0.0,0.0,0.0,207.36,1
1593996572.591252,27424,1574796094,475812911,navsat_link,2,1,40.66535934666667,-74.56363108666666,41.429,0.00164025,0.0,0.0,0.0,0.00219024,0.0,0.0,0.0,207.36,1
1593996572.79935,27425,1574796094,683964967,navsat_link,2,1,40.665359808333335,-74.56363323,41.426,0.00164025,0.0,0.0,0.0,0.00219024,0.0,0.0,0.0,207.36,1
1593996572.9942157,27426,1574796094,879020929,navsat_link,2,1,40.66536064333334,-74.563635945,41.425,0.00164025,0.0,0.0,0.0,0.00219024,0.0,0.0,0.0,207.36,1
1593996573.2060866,27427,1574796095,85443019,navsat_link,2,1,40.665361255,-74.56363821666666,41.426,0.00164025,0.0,0.0,0.0,0.00219024,0.0,0.0,0.0,207.36,1
1593996573.399758,27428,1574796095,284210920,navsat_link,2,1,40.665361915,-74.56364102,41.426,0.00164025,0.0,0.0,0.0,0.00219024,0.0,0.0,0.0,207.36,1
1593996573.5972743,27429,1574796095,481928110,navsat_link,2,1,40.66536235,-74.56364271,41.414,0.00164025,0.0,0.0,0.0,0.00219024,0.0,0.0,0.0,207.36,1
1593996573.7946687,27430,1574796095,679399967,navsat_link,2,1,40.66536231833334,-74.56364298,41.406000000000006,0.00164025,0.0,0.0,0.0,0.00219024,0.0,0.0,0.0,207.36,1
1593996573.9926493,27431,1574796095,877420902,navsat_link,2,1,40.665362046666665,-74.56364304166667,41.400000000000006,0.00164025,0.0,0.0,0.0,0.00219024,0.0,0.0,0.0,207.36,1
1593996574.2050548,27432,1574796096,89627981,navsat_link,2,1,40.665362128333335,-74.56364325333334,41.408,0.00164025,0.0,0.0,0.0,0.00219024,0.0,0.0,0.0,207.36,1
1593996574.3915431,27433,1574796096,276750087,navsat_link,2,1,40.665361948333334,-74.56364342166667,41.412000000000006,0.00164025,0.0,0.0,0.0,0.00219024,0.0,0.0,0.0,207.36,1
1593996574.590411,27434,1574796096,475538015,navsat_link,2,1,40.66536189833333,-74.56364337333333,41.416,0.00164025,0.0,0.0,0.0,0.00219024,0.0,0.0,0.0,207.36,1
1593996574.7899046,27435,1574796096,675137042,navsat_link,2,1,40.66536206166667,-74.56364356333333,41.426,0.00164025,0.0,0.0,0.0,0.00219024,0.0,0.0,0.0,207.36,1
1593996574.9881124,27436,1574796096,873164892,navsat_link,2,1,40.66536234666667,-74.56364357833333,41.42,0.00164025,0.0,0.0,0.0,0.00219024,0.0,0.0,0.0,207.36,1
1593996575.2086463,27437,1574796097,93606948,navsat_link,2,1,40.665362513333335,-74.56364374333333,41.411,0.00164025,0.0,0.0,0.0,0.00219024,0.0,0.0,0.0,207.36,1
1593996575.395096,27438,1574796097,280313968,navsat_link,2,1,40.665362985,-74.56364396333333,41.407,0.00164025,0.0,0.0,0.0,0.00219024,0.0,0.0,0.0,207.36,1
1593996575.7333004,27439,1574796097,618530035,navsat_link,2,1,40.665363768333336,-74.563643795,41.42100000000001,0.00164025,0.0,0.0,0.0,0.00219024,0.0,0.0,0.0,207.36,1
1593996575.8101718,27440,1574796097,695307016,navsat_link,2,1,40.665365261666665,-74.56364322833333,41.408,0.00164025,0.0,0.0,0.0,0.00219024,0.0,0.0,0.0,207.36,1
1593996576.0112712,27441,1574796097,896454095,navsat_link,2,1,40.665366948333336,-74.563642315,41.400999999999996,0.00164025,0.0,0.0,0.0,0.00219024,0.0,0.0,0.0,207.36,1
1593996576.2179112,27442,1574796098,103024959,navsat_link,2,1,40.66536904833333,-74.56364048833333,41.434,0.00164025,0.0,0.0,0.0,0.00219024,0.0,0.0,0.0,207.36,1
1593996576.3996713,27443,1574796098,284552097,navsat_link,2,1,40.665370753333335,-74.56363870833333,41.419,0.00164025,0.0,0.0,0.0,0.00219024,0.0,0.0,0.0,207.36,1
1593996576.59492,27444,1574796098,479545116,navsat_link,2,1,40.66537253166667,-74.56363687833333,41.435,0.00164025,0.0,0.0,0.0,0.00219024,0.0,0.0,0.0,207.36,1
1593996576.794887,27445,1574796098,679857015,navsat_link,2,1,40.665374316666664,-74.563634725,41.44800000000001,0.00164025,0.0,0.0,0.0,0.00219024,0.0,0.0,0.0,207.36,1
1593996576.9960558,27446,1574796098,881251096,navsat_link,2,1,40.66537588833334,-74.56363262,41.443,0.00164025,0.0,0.0,0.0,0.00219024,0.0,0.0,0.0,207.36,1
1593996577.1946476,27447,1574796099,79701900,navsat_link,2,1,40.665377701666664,-74.563630285,41.449,0.00164025,0.0,0.0,0.0,0.00219024,0.0,0.0,0.0,207.36,1
1593996577.4002457,27448,1574796099,283385038,navsat_link,2,1,40.66537928166667,-74.56362786833333,41.461,0.00164025,0.0,0.0,0.0,0.00219024,0.0,0.0,0.0,207.36,1
1593996577.6005614,27449,1574796099,484352111,navsat_link,2,1,40.66538035166667,-74.563626645,41.468,0.00164025,0.0,0.0,0.0,0.00219024,0.0,0.0,0.0,207.36,1
1593996577.7986221,27450,1574796099,683769941,navsat_link,2,1,40.66538176833333,-74.56362552833333,41.474999999999994,0.00164025,0.0,0.0,0.0,0.00219024,0.0,0.0,0.0,207.36,1
1593996577.9999857,27451,1574796099,884578943,navsat_link,2,1,40.665383903333336,-74.56362422,41.489999999999995,0.00164025,0.0,0.0,0.0,0.00219024,0.0,0.0,0.0,207.36,1
1593996578.2463343,27452,1574796100,127950906,navsat_link,2,1,40.66538608,-74.56362274666667,41.488,0.00164025,0.0,0.0,0.0,0.00219024,0.0,0.0,0.0,207.36,1
1593996578.3908458,27453,1574796100,276021957,navsat_link,2,1,40.665388365,-74.56362138333333,41.492000000000004,0.00164025,0.0,0.0,0.0,0.00219024,0.0,0.0,0.0,207.36,1
1593996578.5996785,27454,1574796100,484368085,navsat_link,2,1,40.66539048666667,-74.56362006166667,41.489999999999995,0.00164025,0.0,0.0,0.0,0.00219024,0.0,0.0,0.0,207.36,1
1593996578.8009276,27455,1574796100,685462951,navsat_link,2,1,40.665392753333336,-74.56361882666667,41.495000000000005,0.00164025,0.0,0.0,0.0,0.00219024,0.0,0.0,0.0,207.36,1
1593996579.0010989,27456,1574796100,885783910,navsat_link,2,1,40.66539503333333,-74.56361768166667,41.507000000000005,0.00164025,0.0,0.0,0.0,0.00219024,0.0,0.0,0.0,207.36,1
1593996579.1931481,27457,1574796101,78418016,navsat_link,2,1,40.66539734,-74.56361654,41.522000000000006,0.0015681599999999996,0.0,0.0,0.0,0.0021068099999999998,0.0,0.0,0.0,207.36,1
1593996579.3983724,27458,1574796101,283514976,navsat_link,2,1,40.665399738333335,-74.56361555333334,41.521,0.00164025,0.0,0.0,0.0,0.0021068099999999998,0.0,0.0,0.0,207.36,1
1593996579.601212,27459,1574796101,485543012,navsat_link,2,1,40.66540194,-74.56361439,41.536,0.00164025,0.0,0.0,0.0,0.0021068099999999998,0.0,0.0,0.0,207.36,1
1593996579.801353,27460,1574796101,686392068,navsat_link,2,1,40.665404205,-74.56361332666667,41.533,0.0015681599999999996,0.0,0.0,0.0,0.0021068099999999998,0.0,0.0,0.0,207.36,1
1593996579.9936736,27461,1574796101,878237962,navsat_link,2,1,40.66540647666667,-74.563612285,41.54600000000001,0.0015681599999999996,0.0,0.0,0.0,0.0021068099999999998,0.0,0.0,0.0,207.36,1
1593996580.2006946,27462,1574796102,86169004,navsat_link,2,1,40.66540878833333,-74.56361134166667,41.56,0.0015681599999999996,0.0,0.0,0.0,0.0021068099999999998,0.0,0.0,0.0,207.36,1
1593996580.3955328,27463,1574796102,280870914,navsat_link,2,1,40.66541108,-74.56361068833333,41.56400000000001,0.0015681599999999996,0.0,0.0,0.0,0.0021068099999999998,0.0,0.0,0.0,207.36,1
1593996580.5978642,27464,1574796102,483284950,navsat_link,2,1,40.665413511666664,-74.563610035,41.572,0.00164025,0.0,0.0,0.0,0.00219024,0.0,0.0,0.0,207.36,1
1593996580.8038783,27465,1574796102,689186096,navsat_link,2,1,40.665415925,-74.563609555,41.575,0.00164025,0.0,0.0,0.0,0.00219024,0.0,0.0,0.0,207.36,1
1593996580.9941366,27466,1574796102,879436016,navsat_link,2,1,40.665418295,-74.56360902333333,41.578,0.0015681599999999996,0.0,0.0,0.0,0.0021068099999999998,0.0,0.0,0.0,207.36,1
1593996581.1945302,27467,1574796103,80049037,navsat_link,2,1,40.665420706666666,-74.56360844666666,41.58,0.0015681599999999996,0.0,0.0,0.0,0.0021068099999999998,0.0,0.0,0.0,207.36,1
1593996581.3952627,27468,1574796103,280853033,navsat_link,2,1,40.665423053333335,-74.56360790666666,41.57900000000001,0.0015681599999999996,0.0,0.0,0.0,0.0021068099999999998,0.0,0.0,0.0,207.36,1
1593996581.5946028,27469,1574796103,480053901,navsat_link,2,1,40.665425428333336,-74.563607395,41.583,0.0015681599999999996,0.0,0.0,0.0,0.0021068099999999998,0.0,0.0,0.0,207.36,1
1593996581.795572,27470,1574796103,681147098,navsat_link,2,1,40.665427844999996,-74.56360674666666,41.59400000000001,0.0015681599999999996,0.0,0.0,0.0,0.0021068099999999998,0.0,0.0,0.0,207.36,1
1593996581.9968371,27471,1574796103,882080078,navsat_link,2,1,40.665430216666664,-74.56360620166667,41.605999999999995,0.0015681599999999996,0.0,0.0,0.0,0.0021068099999999998,0.0,0.0,0.0,207.36,1
1593996582.213072,27472,1574796104,88709115,navsat_link,2,1,40.66543265166667,-74.56360557833334,41.613,0.0015681599999999996,0.0,0.0,0.0,0.0021068099999999998,0.0,0.0,0.0,207.36,1
1593996582.3930395,27473,1574796104,278393030,navsat_link,2,1,40.665435155,-74.56360492166667,41.620000000000005,0.0015681599999999996,0.0,0.0,0.0,0.0021068099999999998,0.0,0.0,0.0,207.36,1
1593996582.5930972,27474,1574796104,477776050,navsat_link,2,1,40.665437338333334,-74.56360427166666,41.629000000000005,0.0015681599999999996,0.0,0.0,0.0,0.0021068099999999998,0.0,0.0,0.0,207.36,1
1593996582.7977607,27475,1574796104,682652950,navsat_link,2,1,40.66543992333333,-74.56360365166667,41.647000000000006,0.0015681599999999996,0.0,0.0,0.0,0.0021068099999999998,0.0,0.0,0.0,207.36,1
1593996582.995535,27476,1574796104,880827903,navsat_link,2,1,40.66544222666667,-74.56360298833333,41.667,0.0015681599999999996,0.0,0.0,0.0,0.0021068099999999998,0.0,0.0,0.0,207.36,1
1593996583.2036614,27477,1574796105,89270114,navsat_link,2,1,40.66544460833333,-74.56360233166667,41.666,0.0015681599999999996,0.0,0.0,0.0,0.0021068099999999998,0.0,0.0,0.0,207.36,1
1593996583.397954,27478,1574796105,282763957,navsat_link,2,1,40.665446966666664,-74.56360167833333,41.666,0.0015681599999999996,0.0,0.0,0.0,0.0021068099999999998,0.0,0.0,0.0,207.36,1
1593996583.59931,27479,1574796105,479784965,navsat_link,2,1,40.66544931,-74.56360098666667,41.67100000000001,0.0015681599999999996,0.0,0.0,0.0,0.0021068099999999998,0.0,0.0,0.0,207.36,1
1593996583.7974665,27480,1574796105,682930946,navsat_link,2,1,40.66545165666667,-74.563600355,41.688,0.0015681599999999996,0.0,0.0,0.0,0.0021068099999999998,0.0,0.0,0.0,207.36,1
1593996583.9970932,27481,1574796105,882385969,navsat_link,2,1,40.66545410166667,-74.56359975,41.69200000000001,0.0015681599999999996,0.0,0.0,0.0,0.0021068099999999998,0.0,0.0,0.0,207.36,1
1593996584.2090325,27482,1574796106,94244956,navsat_link,2,1,40.66545639,-74.56359898166667,41.70700000000001,0.0015681599999999996,0.0,0.0,0.0,0.0021068099999999998,0.0,0.0,0.0,207.36,1
1593996584.4034922,27483,1574796106,288433074,navsat_link,2,1,40.665458656666665,-74.56359828666666,41.71900000000001,0.0015681599999999996,0.0,0.0,0.0,0.0021068099999999998,0.0,0.0,0.0,207.36,1
1593996584.5923674,27484,1574796106,477868080,navsat_link,2,1,40.66546092666667,-74.56359767166667,41.736000000000004,0.0015681599999999996,0.0,0.0,0.0,0.0021068099999999998,0.0,0.0,0.0,207.36,1
1593996584.8053548,27485,1574796106,690819978,navsat_link,2,1,40.66546301333333,-74.563597015,41.769000000000005,0.0015681599999999996,0.0,0.0,0.0,0.0021068099999999998,0.0,0.0,0.0,207.36,1
1593996584.9941,27486,1574796106,879209995,navsat_link,2,1,40.66546522,-74.56359709,41.763999999999996,0.0015681599999999996,0.0,0.0,0.0,0.0021068099999999998,0.0,0.0,0.0,207.36,1
1593996585.19045,27487,1574796107,75782060,navsat_link,2,1,40.665467768333336,-74.56359690666666,41.768,0.0015681599999999996,0.0,0.0,0.0,0.0021068099999999998,0.0,0.0,0.0,207.36,1
1593996585.417656,27488,1574796107,302117109,navsat_link,2,1,40.665470155,-74.56359703333334,41.765,0.0015681599999999996,0.0,0.0,0.0,0.0021068099999999998,0.0,0.0,0.0,207.36,1
1593996585.5951436,27489,1574796107,480309963,navsat_link,2,1,40.66547258,-74.563597195,41.783,0.0015681599999999996,0.0,0.0,0.0,0.0021068099999999998,0.0,0.0,0.0,207.36,1
1593996585.7919016,27490,1574796107,677330970,navsat_link,2,1,40.665475015,-74.56359742166667,41.807,0.0015681599999999996,0.0,0.0,0.0,0.0021068099999999998,0.0,0.0,0.0,207.36,1
1593996585.9941397,27491,1574796107,879319906,navsat_link,2,1,40.665477495,-74.56359743166666,41.839,0.0015681599999999996,0.0,0.0,0.0,0.0021068099999999998,0.0,0.0,0.0,207.36,1
1593996586.204828,27492,1574796108,89907884,navsat_link,2,1,40.66547997666667,-74.56359782,41.839,0.0015681599999999996,0.0,0.0,0.0,0.0021068099999999998,0.0,0.0,0.0,207.36,1
1593996586.415608,27493,1574796108,300789117,navsat_link,2,1,40.66548217,-74.56359800166666,41.845,0.0015681599999999996,0.0,0.0,0.0,0.0021068099999999998,0.0,0.0,0.0,207.36,1
1593996586.593913,27494,1574796108,479038953,navsat_link,2,1,40.66548378,-74.56359796333334,41.842,0.0015681599999999996,0.0,0.0,0.0,0.0021068099999999998,0.0,0.0,0.0,207.36,1
1593996586.7914178,27495,1574796108,677026987,navsat_link,2,1,40.66548500333333,-74.56359774333333,41.848,0.0015681599999999996,0.0,0.0,0.0,0.0021068099999999998,0.0,0.0,0.0,207.36,1
1593996586.991396,27496,1574796108,876971960,navsat_link,2,1,40.66548711833333,-74.56359711833333,41.849999999999994,0.0015681599999999996,0.0,0.0,0.0,0.0021068099999999998,0.0,0.0,0.0,207.36,1
1593996587.1973283,27497,1574796109,82417964,navsat_link,2,1,40.665489595,-74.56359589666667,41.867000000000004,0.0015681599999999996,0.0,0.0,0.0,0.0021068099999999998,0.0,0.0,0.0,207.36,1
1593996587.4056928,27498,1574796109,290241003,navsat_link,2,1,40.665491853333336,-74.56359502,41.867999999999995,0.0015681599999999996,0.0,0.0,0.0,0.0021068099999999998,0.0,0.0,0.0,207.36,1
1593996587.5940225,27499,1574796109,479327917,navsat_link,2,1,40.665494035,-74.56359397,41.873999999999995,0.0015681599999999996,0.0,0.0,0.0,0.0021068099999999998,0.0,0.0,0.0,207.36,1
1593996587.7930136,27500,1574796109,678375005,navsat_link,2,1,40.665496401666665,-74.563592795,41.896,0.0015681599999999996,0.0,0.0,0.0,0.0021068099999999998,0.0,0.0,0.0,207.36,1
1593996587.9964993,27501,1574796109,881668090,navsat_link,2,1,40.66549878666667,-74.56359167666666,41.902,0.0015681599999999996,0.0,0.0,0.0,0.0021068099999999998,0.0,0.0,0.0,207.36,1
1593996588.2085233,27502,1574796110,93543052,navsat_link,2,1,40.665500945,-74.56359051666666,41.896,0.0015681599999999996,0.0,0.0,0.0,0.0021068099999999998,0.0,0.0,0.0,207.36,1
1593996588.4410405,27503,1574796110,325472116,navsat_link,2,1,40.66550324666667,-74.56358911,41.92100000000001,0.0015681599999999996,0.0,0.0,0.0,0.0021068099999999998,0.0,0.0,0.0,207.36,1
1593996588.5899768,27504,1574796110,475326061,navsat_link,2,1,40.665505376666665,-74.56358797,41.940000000000005,0.0015681599999999996,0.0,0.0,0.0,0.0021068099999999998,0.0,0.0,0.0,207.36,1
1593996588.7902923,27505,1574796110,675981998,navsat_link,2,1,40.66550764833333,-74.56358707833333,41.904999999999994,0.0015681599999999996,0.0,0.0,0.0,0.0020250000000000003,0.0,0.0,0.0,207.36,1
1593996588.9937885,27506,1574796110,878699064,navsat_link,2,1,40.665510016666666,-74.56358606666667,41.946000000000005,0.0015681599999999996,0.0,0.0,0.0,0.0020250000000000003,0.0,0.0,0.0,207.36,1
1593996589.1923568,27507,1574796111,77768087,navsat_link,2,1,40.66551218,-74.56358531333333,41.961000000000006,0.0015681599999999996,0.0,0.0,0.0,0.0021068099999999998,0.0,0.0,0.0,207.36,1
1593996589.3923204,27508,1574796111,277523040,navsat_link,2,1,40.66551379333333,-74.56358499166667,41.943000000000005,0.0015681599999999996,0.0,0.0,0.0,0.0021068099999999998,0.0,0.0,0.0,207.36,1
1593996589.5908682,27509,1574796111,476171970,navsat_link,2,1,40.665516275,-74.56358478833333,41.969,0.0015681599999999996,0.0,0.0,0.0,0.0021068099999999998,0.0,0.0,0.0,207.36,1
1593996589.7905886,27510,1574796111,676076889,navsat_link,2,1,40.665518336666665,-74.56358458333334,41.981,0.0015681599999999996,0.0,0.0,0.0,0.0020250000000000003,0.0,0.0,0.0,207.36,1
1593996589.9974532,27511,1574796111,882793903,navsat_link,2,1,40.66552093,-74.56358491333333,41.983,0.0015681599999999996,0.0,0.0,0.0,0.0020250000000000003,0.0,0.0,0.0,207.36,1
1593996590.2015119,27512,1574796112,87055921,navsat_link,2,1,40.66552328666667,-74.563585115,41.987,0.0014976899999999999,0.0,0.0,0.0,0.0020250000000000003,0.0,0.0,0.0,207.36,1
1593996590.3955266,27513,1574796112,281063079,navsat_link,2,1,40.66552566166666,-74.563585285,41.999,0.0014976899999999999,0.0,0.0,0.0,0.0020250000000000003,0.0,0.0,0.0,207.36,1
1593996590.5998907,27514,1574796112,485167980,navsat_link,2,1,40.66552806666667,-74.56358557833333,41.98,0.0014976899999999999,0.0,0.0,0.0,0.0020250000000000003,0.0,0.0,0.0,207.36,1
1593996590.7923265,27515,1574796112,677793025,navsat_link,2,1,40.665530456666666,-74.563585895,41.989,0.0015681599999999996,0.0,0.0,0.0,0.0020250000000000003,0.0,0.0,0.0,207.36,1
1593996591.0041032,27516,1574796112,889355897,navsat_link,2,1,40.66553288666667,-74.56358613166667,41.99399999999999,0.0014976899999999999,0.0,0.0,0.0,0.0020250000000000003,0.0,0.0,0.0,207.36,1
1593996591.19962,27517,1574796113,84320068,navsat_link,2,1,40.665535346666665,-74.56358624166667,42.023,0.0014976899999999999,0.0,0.0,0.0,0.0020250000000000003,0.0,0.0,0.0,207.36,1
1593996591.3986866,27518,1574796113,283915042,navsat_link,2,1,40.66553782,-74.56358633166667,42.005,0.0014976899999999999,0.0,0.0,0.0,0.0020250000000000003,0.0,0.0,0.0,207.36,1
1593996591.5871272,27519,1574796113,472750902,navsat_link,2,1,40.665540185,-74.56358624833334,42.035000000000004,0.0014976899999999999,0.0,0.0,0.0,0.0020250000000000003,0.0,0.0,0.0,207.36,1
1593996591.7868295,27520,1574796113,672137022,navsat_link,2,1,40.665542683333335,-74.56358612666666,42.056999999999995,0.0014976899999999999,0.0,0.0,0.0,0.0020250000000000003,0.0,0.0,0.0,207.36,1
1593996591.9860344,27521,1574796113,871485948,navsat_link,2,1,40.665545228333336,-74.563585895,42.065000000000005,0.0014976899999999999,0.0,0.0,0.0,0.0020250000000000003,0.0,0.0,0.0,207.36,1
1593996592.2015738,27522,1574796114,86637973,navsat_link,2,1,40.665547518333334,-74.56358583333333,42.059999999999995,0.0014976899999999999,0.0,0.0,0.0,0.0020250000000000003,0.0,0.0,0.0,207.36,1
1593996592.391735,27523,1574796114,276508092,navsat_link,2,1,40.66555001333333,-74.56358564333334,42.082,0.0014976899999999999,0.0,0.0,0.0,0.0020250000000000003,0.0,0.0,0.0,207.36,1
1593996592.59067,27524,1574796114,476213932,navsat_link,2,1,40.66555239,-74.56358509,42.102,0.0014976899999999999,0.0,0.0,0.0,0.0020250000000000003,0.0,0.0,0.0,207.36,1
1593996592.7929645,27525,1574796114,677786111,navsat_link,2,1,40.665554871666664,-74.56358491833333,42.071999999999996,0.0014976899999999999,0.0,0.0,0.0,0.0020250000000000003,0.0,0.0,0.0,207.36,1
1593996592.9887552,27526,1574796114,874322891,navsat_link,2,1,40.665557195,-74.563584555,42.059999999999995,0.0014976899999999999,0.0,0.0,0.0,0.0020250000000000003,0.0,0.0,0.0,207.36,1
1593996593.1912878,27527,1574796115,76742887,navsat_link,2,1,40.66555965,-74.563583925,42.091,0.0014976899999999999,0.0,0.0,0.0,0.0020250000000000003,0.0,0.0,0.0,207.36,1
1593996593.3900793,27528,1574796115,275388002,navsat_link,2,1,40.665561993333334,-74.56358341833334,42.11899999999999,0.0014976899999999999,0.0,0.0,0.0,0.0020250000000000003,0.0,0.0,0.0,207.36,1
1593996593.6017172,27529,1574796115,487046003,navsat_link,2,1,40.66556435166667,-74.56358279666667,42.147,0.0014976899999999999,0.0,0.0,0.0,0.0020250000000000003,0.0,0.0,0.0,207.36,1
1593996593.7937815,27530,1574796115,679092884,navsat_link,2,1,40.66556679833333,-74.56358218833333,42.151999999999994,0.0014976899999999999,0.0,0.0,0.0,0.0020250000000000003,0.0,0.0,0.0,207.36,1
1593996593.9937172,27531,1574796115,878833055,navsat_link,2,1,40.665569168333334,-74.56358160833334,42.154,0.0014976899999999999,0.0,0.0,0.0,0.0020250000000000003,0.0,0.0,0.0,207.36,1
1593996594.2033834,27532,1574796116,88855028,navsat_link,2,1,40.665571455,-74.56358090666667,42.169000000000004,0.0014976899999999999,0.0,0.0,0.0,0.0020250000000000003,0.0,0.0,0.0,207.36,1
1593996594.3956766,27533,1574796116,280632019,navsat_link,2,1,40.66557384666667,-74.56358039833333,42.166000000000004,0.0014976899999999999,0.0,0.0,0.0,0.0020250000000000003,0.0,0.0,0.0,207.36,1
1593996594.6078703,27534,1574796116,493068933,navsat_link,2,1,40.665576255,-74.56357973833333,42.196999999999996,0.0014976899999999999,0.0,0.0,0.0,0.0020250000000000003,0.0,0.0,0.0,207.36,1
1593996594.8043096,27535,1574796116,689523935,navsat_link,2,1,40.665578705,-74.56357908166666,42.220000000000006,0.0014976899999999999,0.0,0.0,0.0,0.0020250000000000003,0.0,0.0,0.0,207.36,1
1593996595.0178065,27536,1574796116,898582935,navsat_link,2,1,40.665581081666666,-74.56357845333334,42.228,0.0014976899999999999,0.0,0.0,0.0,0.0020250000000000003,0.0,0.0,0.0,207.36,1
1593996595.1988256,27537,1574796117,83983898,navsat_link,2,1,40.665583706666666,-74.56357780833333,42.23799999999999,0.0014976899999999999,0.0,0.0,0.0,0.0020250000000000003,0.0,0.0,0.0,207.36,1
1593996595.4046626,27538,1574796117,289169073,navsat_link,2,1,40.66558571,-74.56357743333334,42.22599999999999,0.0014976899999999999,0.0,0.0,0.0,0.0020250000000000003,0.0,0.0,0.0,207.36,1
1593996595.6104336,27539,1574796117,495691061,navsat_link,2,1,40.665588203333336,-74.56357697,42.252,0.0014976899999999999,0.0,0.0,0.0,0.0020250000000000003,0.0,0.0,0.0,207.36,1
1593996595.7965238,27540,1574796117,681623935,navsat_link,2,1,40.665590681666664,-74.56357635833334,42.276,0.0014976899999999999,0.0,0.0,0.0,0.0020250000000000003,0.0,0.0,0.0,207.36,1
1593996595.99779,27541,1574796117,882739067,navsat_link,2,1,40.66559307833333,-74.56357576333333,42.275,0.0014976899999999999,0.0,0.0,0.0,0.0020250000000000003,0.0,0.0,0.0,207.36,1
1593996596.204828,27542,1574796118,90131044,navsat_link,2,1,40.66559545333333,-74.56357518666667,42.269,0.0014976899999999999,0.0,0.0,0.0,0.0020250000000000003,0.0,0.0,0.0,207.36,1
1593996596.3937566,27543,1574796118,279216051,navsat_link,2,1,40.66559796666667,-74.56357470833333,42.297999999999995,0.0014976899999999999,0.0,0.0,0.0,0.0020250000000000003,0.0,0.0,0.0,207.36,1
1593996596.6062987,27544,1574796118,491780996,navsat_link,2,1,40.66560027166667,-74.563574275,42.279999999999994,0.0014976899999999999,0.0,0.0,0.0,0.0020250000000000003,0.0,0.0,0.0,207.36,1
1593996596.7994843,27545,1574796118,684885978,navsat_link,2,1,40.66560267166667,-74.56357387833333,42.317,0.0014976899999999999,0.0,0.0,0.0,0.0020250000000000003,0.0,0.0,0.0,207.36,1
1593996596.9975278,27546,1574796118,882661104,navsat_link,2,1,40.665605245,-74.56357335833333,42.332,0.0014976899999999999,0.0,0.0,0.0,0.0020250000000000003,0.0,0.0,0.0,207.36,1
1593996597.2093005,27547,1574796119,93256950,navsat_link,2,1,40.665607533333336,-74.56357299666666,42.35399999999999,0.0014976899999999999,0.0,0.0,0.0,0.0020250000000000003,0.0,0.0,0.0,207.36,1
1593996597.3943458,27548,1574796119,279468059,navsat_link,2,1,40.665610046666664,-74.56357263833333,42.356,0.0014976899999999999,0.0,0.0,0.0,0.0020250000000000003,0.0,0.0,0.0,207.36,1
1593996597.6242878,27549,1574796119,509732961,navsat_link,2,1,40.665612395,-74.56357220333334,42.364,0.0014976899999999999,0.0,0.0,0.0,0.0020250000000000003,0.0,0.0,0.0,207.36,1
1593996597.7897546,27550,1574796119,675303936,navsat_link,2,1,40.66561480833333,-74.56357188,42.36299999999999,0.0014976899999999999,0.0,0.0,0.0,0.0020250000000000003,0.0,0.0,0.0,207.36,1
1593996597.9979196,27551,1574796119,883085966,navsat_link,2,1,40.665617223333335,-74.56357141166667,42.38999999999999,0.0014976899999999999,0.0,0.0,0.0,0.0020250000000000003,0.0,0.0,0.0,207.36,1
1593996598.2102551,27552,1574796120,94712972,navsat_link,2,1,40.66561963833333,-74.56357093833333,42.386,0.0014976899999999999,0.0,0.0,0.0,0.0020250000000000003,0.0,0.0,0.0,207.36,1
1593996598.395603,27553,1574796120,280899047,navsat_link,2,1,40.665621945,-74.56357068833333,42.38399999999999,0.0014976899999999999,0.0,0.0,0.0,0.0020250000000000003,0.0,0.0,0.0,207.36,1
1593996598.5974896,27554,1574796120,482809066,navsat_link,2,1,40.66562437166667,-74.56357017833334,42.398999999999994,0.0014976899999999999,0.0,0.0,0.0,0.0020250000000000003,0.0,0.0,0.0,207.36,1
1593996598.798709,27555,1574796120,683794975,navsat_link,2,1,40.66562682666667,-74.56356977833333,42.425999999999995,0.0014976899999999999,0.0,0.0,0.0,0.0020250000000000003,0.0,0.0,0.0,207.36,1
1593996599.0013413,27556,1574796120,886476993,navsat_link,2,1,40.665629306666666,-74.56356937666666,42.412,0.0014976899999999999,0.0,0.0,0.0,0.0020250000000000003,0.0,0.0,0.0,207.36,1
1593996599.202432,27557,1574796121,87960004,navsat_link,2,1,40.66563162,-74.56356897166667,42.421,0.0014976899999999999,0.0,0.0,0.0,0.00194481,0.0,0.0,0.0,207.36,1
1593996599.3927794,27558,1574796121,278017997,navsat_link,2,1,40.665634108333336,-74.56356845333333,42.443000000000005,0.0014976899999999999,0.0,0.0,0.0,0.0020250000000000003,0.0,0.0,0.0,207.36,1
1593996599.591564,27559,1574796121,476727008,navsat_link,2,1,40.66563648333333,-74.563567995,42.464000000000006,0.0014976899999999999,0.0,0.0,0.0,0.0020250000000000003,0.0,0.0,0.0,207.36,1
1593996599.7904446,27560,1574796121,675926923,navsat_link,2,1,40.66563889333333,-74.563567605,42.455999999999996,0.0014976899999999999,0.0,0.0,0.0,0.0020250000000000003,0.0,0.0,0.0,207.36,1
1593996599.9892864,27561,1574796121,874701976,navsat_link,2,1,40.66564135833333,-74.56356716833334,42.466,0.0014976899999999999,0.0,0.0,0.0,0.0020250000000000003,0.0,0.0,0.0,207.36,1
1593996600.205382,27562,1574796122,91146945,navsat_link,2,1,40.66564363166667,-74.563566765,42.467000000000006,0.0014976899999999999,0.0,0.0,0.0,0.0020250000000000003,0.0,0.0,0.0,207.36,1
1593996600.3889542,27563,1574796122,274463891,navsat_link,2,1,40.665646163333335,-74.56356617666667,42.504,0.0014976899999999999,0.0,0.0,0.0,0.0020250000000000003,0.0,0.0,0.0,207.36,1
1593996600.5934484,27564,1574796122,478846073,navsat_link,2,1,40.6656485,-74.56356562833334,42.511,0.0014976899999999999,0.0,0.0,0.0,0.00194481,0.0,0.0,0.0,207.36,1
1593996600.7924209,27565,1574796122,677558898,navsat_link,2,1,40.665650846666665,-74.56356525666666,42.499,0.0014976899999999999,0.0,0.0,0.0,0.00194481,0.0,0.0,0.0,207.36,1
1593996600.9901736,27566,1574796122,875621080,navsat_link,2,1,40.66565336,-74.56356466333334,42.538999999999994,0.0014976899999999999,0.0,0.0,0.0,0.00194481,0.0,0.0,0.0,207.36,1
1593996601.1926262,27567,1574796123,78167915,navsat_link,2,1,40.665655725,-74.56356423,42.544000000000004,0.0014976899999999999,0.0,0.0,0.0,0.0020250000000000003,0.0,0.0,0.0,207.36,1
1593996601.3940299,27568,1574796123,279375076,navsat_link,2,1,40.66565814333333,-74.56356377666667,42.547000000000004,0.0014976899999999999,0.0,0.0,0.0,0.0020250000000000003,0.0,0.0,0.0,207.36,1
1593996601.59359,27569,1574796123,478971958,navsat_link,2,1,40.665660575,-74.56356323333333,42.552,0.0014976899999999999,0.0,0.0,0.0,0.0020250000000000003,0.0,0.0,0.0,207.36,1
1593996601.7910326,27570,1574796123,676625967,navsat_link,2,1,40.665662858333334,-74.56356277833333,42.555,0.0014976899999999999,0.0,0.0,0.0,0.00194481,0.0,0.0,0.0,207.36,1
1593996601.9875758,27571,1574796123,873200893,navsat_link,2,1,40.665665411666666,-74.56356226166666,42.556000000000004,0.0014976899999999999,0.0,0.0,0.0,0.00194481,0.0,0.0,0.0,207.36,1
1593996602.2001228,27572,1574796124,85520982,navsat_link,2,1,40.665667665,-74.56356168,42.586999999999996,0.0014976899999999999,0.0,0.0,0.0,0.00194481,0.0,0.0,0.0,207.36,1
1593996602.3928437,27573,1574796124,277679920,navsat_link,2,1,40.66567014,-74.56356109,42.592999999999996,0.0014976899999999999,0.0,0.0,0.0,0.00194481,0.0,0.0,0.0,207.36,1
1593996602.5898435,27574,1574796124,475414991,navsat_link,2,1,40.66567258333333,-74.56356066,42.60999999999999,0.0014976899999999999,0.0,0.0,0.0,0.00194481,0.0,0.0,0.0,207.36,1
1593996602.8055384,27575,1574796124,690638065,navsat_link,2,1,40.665674861666666,-74.563560105,42.61899999999999,0.0014976899999999999,0.0,0.0,0.0,0.00194481,0.0,0.0,0.0,207.36,1
1593996602.9954185,27576,1574796124,880702972,navsat_link,2,1,40.665677411666664,-74.5635595,42.60699999999999,0.0014976899999999999,0.0,0.0,0.0,0.00194481,0.0,0.0,0.0,207.36,1
1593996603.2048163,27577,1574796125,90224027,navsat_link,2,1,40.665679755,-74.56355894333333,42.62799999999999,0.0014976899999999999,0.0,0.0,0.0,0.00194481,0.0,0.0,0.0,207.36,1
1593996603.3926392,27578,1574796125,277930021,navsat_link,2,1,40.66568215833333,-74.56355842,42.62199999999999,0.0014976899999999999,0.0,0.0,0.0,0.00194481,0.0,0.0,0.0,207.36,1
1593996603.596587,27579,1574796125,481800079,navsat_link,2,1,40.66568461666667,-74.56355770666667,42.62499999999999,0.0014976899999999999,0.0,0.0,0.0,0.00194481,0.0,0.0,0.0,207.36,1
1593996603.815118,27580,1574796125,700603961,navsat_link,2,1,40.665687016666666,-74.56355724166667,42.657999999999994,0.0014976899999999999,0.0,0.0,0.0,0.00194481,0.0,0.0,0.0,207.36,1
1593996603.9963324,27581,1574796125,881510972,navsat_link,2,1,40.66568943,-74.563556475,42.653,0.0014976899999999999,0.0,0.0,0.0,0.00194481,0.0,0.0,0.0,207.36,1
1593996604.2075953,27582,1574796126,92761039,navsat_link,2,1,40.665691841666664,-74.56355603833333,42.654999999999994,0.0014976899999999999,0.0,0.0,0.0,0.00194481,0.0,0.0,0.0,207.36,1
1593996604.3936963,27583,1574796126,279326915,navsat_link,2,1,40.665694181666666,-74.56355561,42.666000000000004,0.0014976899999999999,0.0,0.0,0.0,0.00194481,0.0,0.0,0.0,207.36,1
1593996604.5974386,27584,1574796126,482875108,navsat_link,2,1,40.665696663333335,-74.56355534666666,42.687999999999995,0.00142884,0.0,0.0,0.0,0.00194481,0.0,0.0,0.0,207.36,1
1593996604.7910907,27585,1574796126,676513910,navsat_link,2,1,40.66569903,-74.56355522833333,42.702999999999996,0.00142884,0.0,0.0,0.0,0.00194481,0.0,0.0,0.0,207.36,1
1593996604.9949377,27586,1574796126,880165100,navsat_link,2,1,40.66570146,-74.56355551,42.702999999999996,0.00142884,0.0,0.0,0.0,0.00194481,0.0,0.0,0.0,207.36,1
1593996605.2024984,27587,1574796127,87631940,navsat_link,2,1,40.665703918333335,-74.56355561833334,42.714999999999996,0.00142884,0.0,0.0,0.0,0.00194481,0.0,0.0,0.0,207.36,1
1593996605.3967335,27588,1574796127,281918048,navsat_link,2,1,40.665706451666665,-74.56355598,42.714000000000006,0.00142884,0.0,0.0,0.0,0.00194481,0.0,0.0,0.0,207.36,1
1593996605.5863218,27589,1574796127,471112012,navsat_link,2,1,40.66570887666666,-74.56355612166666,42.723000000000006,0.0014976899999999999,0.0,0.0,0.0,0.00194481,0.0,0.0,0.0,207.36,1
1593996605.804861,27590,1574796127,690397977,navsat_link,2,1,40.665711305,-74.563556285,42.73,0.00142884,0.0,0.0,0.0,0.00194481,0.0,0.0,0.0,207.36,1
1593996605.9929676,27591,1574796127,876741886,navsat_link,2,1,40.665713673333336,-74.56355616333333,42.74099999999999,0.0014976899999999999,0.0,0.0,0.0,0.00194481,0.0,0.0,0.0,207.36,1
1593996606.205957,27592,1574796128,91454982,navsat_link,2,1,40.665716096666664,-74.56355629666666,42.745,0.00142884,0.0,0.0,0.0,0.00194481,0.0,0.0,0.0,207.36,1
1593996606.395346,27593,1574796128,279923915,navsat_link,2,1,40.6657184,-74.56355631833334,42.770999999999994,0.00142884,0.0,0.0,0.0,0.00194481,0.0,0.0,0.0,207.36,1
1593996606.5918806,27594,1574796128,477206945,navsat_link,2,1,40.665720945,-74.563556385,42.775,0.00142884,0.0,0.0,0.0,0.00194481,0.0,0.0,0.0,207.36,1
1593996606.7953718,27595,1574796128,679853916,navsat_link,2,1,40.665723373333336,-74.56355652666667,42.776,0.00142884,0.0,0.0,0.0,0.00194481,0.0,0.0,0.0,207.36,1
1593996606.996777,27596,1574796128,881993055,navsat_link,2,1,40.665725715,-74.56355641166667,42.803999999999995,0.00142884,0.0,0.0,0.0,0.00194481,0.0,0.0,0.0,207.36,1
1593996607.199174,27597,1574796129,84566116,navsat_link,2,1,40.66572818833333,-74.563556595,42.785999999999994,0.00142884,0.0,0.0,0.0,0.00194481,0.0,0.0,0.0,207.36,1
1593996607.3870747,27598,1574796129,272555112,navsat_link,2,1,40.66573059666667,-74.56355652833334,42.791000000000004,0.00142884,0.0,0.0,0.0,0.00194481,0.0,0.0,0.0,207.36,1
1593996607.58772,27599,1574796129,472798109,navsat_link,2,1,40.665733115,-74.56355648,42.821000000000005,0.00142884,0.0,0.0,0.0,0.00194481,0.0,0.0,0.0,207.36,1
1593996607.794206,27600,1574796129,678968906,navsat_link,2,1,40.665735445,-74.56355647833334,42.815999999999995,0.00142884,0.0,0.0,0.0,0.00194481,0.0,0.0,0.0,207.36,1
1593996607.991719,27601,1574796129,877167940,navsat_link,2,1,40.665737905,-74.56355618,42.855,0.00142884,0.0,0.0,0.0,0.00194481,0.0,0.0,0.0,207.36,1
1593996608.2135165,27602,1574796130,98560094,navsat_link,2,1,40.665740305,-74.56355593,42.86599999999999,0.00142884,0.0,0.0,0.0,0.00194481,0.0,0.0,0.0,207.36,1
1593996608.394173,27603,1574796130,279597997,navsat_link,2,1,40.665742675,-74.56355539833334,42.86899999999999,0.00142884,0.0,0.0,0.0,0.00194481,0.0,0.0,0.0,207.36,1
1593996608.5955846,27604,1574796130,480360031,navsat_link,2,1,40.66574517666667,-74.56355520333334,42.85999999999999,0.00142884,0.0,0.0,0.0,0.00194481,0.0,0.0,0.0,207.36,1
1593996608.7969537,27605,1574796130,681794881,navsat_link,2,1,40.665747671666665,-74.56355476,42.88999999999999,0.00142884,0.0,0.0,0.0,0.00194481,0.0,0.0,0.0,207.36,1
1593996609.0068586,27606,1574796130,891686916,navsat_link,2,1,40.66574992,-74.56355412833334,42.910000000000004,0.00142884,0.0,0.0,0.0,0.00194481,0.0,0.0,0.0,207.36,1
1593996609.2020698,27607,1574796131,87450981,navsat_link,2,1,40.66575245666667,-74.56355348,42.913999999999994,0.00142884,0.0,0.0,0.0,0.00194481,0.0,0.0,0.0,207.36,1
1593996609.39225,27608,1574796131,277519941,navsat_link,2,1,40.665754738333334,-74.56355298666666,42.907000000000004,0.00142884,0.0,0.0,0.0,0.00194481,0.0,0.0,0.0,207.36,1
1593996609.5936732,27609,1574796131,478935003,navsat_link,2,1,40.66575726166667,-74.56355233333333,42.93,0.00142884,0.0,0.0,0.0,0.00194481,0.0,0.0,0.0,207.36,1
1593996609.79664,27610,1574796131,681534051,navsat_link,2,1,40.66575950166666,-74.56355157166666,42.942,0.00142884,0.0,0.0,0.0,0.00194481,0.0,0.0,0.0,207.36,1
1593996610.0246146,27611,1574796131,909594058,navsat_link,2,1,40.665761725,-74.56355068166667,42.957,0.00142884,0.0,0.0,0.0,0.00194481,0.0,0.0,0.0,207.36,1
1593996610.2124562,27612,1574796132,96987009,navsat_link,2,1,40.66576413333333,-74.56354978,42.96,0.00142884,0.0,0.0,0.0,0.00194481,0.0,0.0,0.0,207.36,1
1593996610.3899517,27613,1574796132,275270938,navsat_link,2,1,40.665766358333336,-74.56354886,42.99399999999999,0.00142884,0.0,0.0,0.0,0.00194481,0.0,0.0,0.0,207.36,1
1593996610.598008,27614,1574796132,483443975,navsat_link,2,1,40.665768783333334,-74.56354793333334,42.984,0.00142884,0.0,0.0,0.0,0.0018662400000000001,0.0,0.0,0.0,207.36,1
1593996610.8065462,27615,1574796132,690336942,navsat_link,2,1,40.66577123333333,-74.56354700333333,42.99399999999999,0.00142884,0.0,0.0,0.0,0.0018662400000000001,0.0,0.0,0.0,207.36,1
1593996611.017824,27616,1574796132,902575969,navsat_link,2,1,40.66577352666667,-74.56354617833334,42.992,0.00142884,0.0,0.0,0.0,0.00194481,0.0,0.0,0.0,207.36,1
1593996611.212894,27617,1574796133,98303079,navsat_link,2,1,40.665775955,-74.56354533833333,42.981,0.00142884,0.0,0.0,0.0,0.00194481,0.0,0.0,0.0,207.36,1
1593996611.3943443,27618,1574796133,279728889,navsat_link,2,1,40.66577779,-74.56354461,43.005,0.00142884,0.0,0.0,0.0,0.00194481,0.0,0.0,0.0,207.36,1
1593996611.5929756,27619,1574796133,478128910,navsat_link,2,1,40.665779705,-74.56354423666667,43.00599999999999,0.00142884,0.0,0.0,0.0,0.00194481,0.0,0.0,0.0,207.36,1
1593996611.794952,27620,1574796133,679898977,navsat_link,2,1,40.66578176,-74.56354397166666,43.044000000000004,0.00142884,0.0,0.0,0.0,0.00194481,0.0,0.0,0.0,207.36,1
1593996612.0265946,27621,1574796133,911926984,navsat_link,2,1,40.665783948333335,-74.56354402333334,43.038000000000004,0.00142884,0.0,0.0,0.0,0.0018662400000000001,0.0,0.0,0.0,207.36,1
1593996612.2099752,27622,1574796134,95453023,navsat_link,2,1,40.665786583333336,-74.56354432166667,43.046,0.00142884,0.0,0.0,0.0,0.0018662400000000001,0.0,0.0,0.0,207.36,1
1593996612.3904953,27623,1574796134,276015996,navsat_link,2,1,40.66578894166667,-74.56354459,43.062000000000005,0.00142884,0.0,0.0,0.0,0.0018662400000000001,0.0,0.0,0.0,207.36,1
1593996612.5913734,27624,1574796134,476747989,navsat_link,2,1,40.665791283333334,-74.56354486,43.082,0.00142884,0.0,0.0,0.0,0.0018662400000000001,0.0,0.0,0.0,207.36,1
1593996612.794122,27625,1574796134,679617881,navsat_link,2,1,40.66579371833333,-74.56354488666666,43.11899999999999,0.00142884,0.0,0.0,0.0,0.0018662400000000001,0.0,0.0,0.0,207.36,1
1593996613.024612,27626,1574796134,908886909,navsat_link,2,1,40.66579608666667,-74.56354516,43.117,0.00142884,0.0,0.0,0.0,0.0018662400000000001,0.0,0.0,0.0,207.36,1
1593996613.2127802,27627,1574796135,98157882,navsat_link,2,1,40.66579856,-74.5635452,43.103,0.00142884,0.0,0.0,0.0,0.0018662400000000001,0.0,0.0,0.0,207.36,1
1593996613.3935025,27628,1574796135,279203891,navsat_link,2,1,40.665801145,-74.56354504833334,43.092999999999996,0.00142884,0.0,0.0,0.0,0.0018662400000000001,0.0,0.0,0.0,207.36,1
1593996613.595724,27629,1574796135,480834007,navsat_link,2,1,40.665803436666664,-74.56354512166666,43.162,0.00142884,0.0,0.0,0.0,0.0018662400000000001,0.0,0.0,0.0,207.36,1
1593996613.7963266,27630,1574796135,681751966,navsat_link,2,1,40.66580580833333,-74.56354509,43.169000000000004,0.00142884,0.0,0.0,0.0,0.0018662400000000001,0.0,0.0,0.0,207.36,1
1593996614.0230148,27631,1574796135,908190965,navsat_link,2,1,40.66580843333333,-74.56354476,43.139,0.00142884,0.0,0.0,0.0,0.0018662400000000001,0.0,0.0,0.0,207.36,1
1593996614.211586,27632,1574796136,96882104,navsat_link,2,1,40.66581085833333,-74.56354448,43.129,0.00142884,0.0,0.0,0.0,0.0018662400000000001,0.0,0.0,0.0,207.36,1
1593996614.3905208,27633,1574796136,275885105,navsat_link,2,1,40.665813156666665,-74.56354422333334,43.159,0.00142884,0.0,0.0,0.0,0.0018662400000000001,0.0,0.0,0.0,207.36,1
1593996614.593472,27634,1574796136,478857994,navsat_link,2,1,40.66581557166667,-74.56354379166666,43.184000000000005,0.00142884,0.0,0.0,0.0,0.0018662400000000001,0.0,0.0,0.0,207.36,1
1593996614.7993886,27635,1574796136,684830904,navsat_link,2,1,40.665818056666666,-74.56354325,43.171,0.00142884,0.0,0.0,0.0,0.0018662400000000001,0.0,0.0,0.0,207.36,1
1593996615.0064275,27636,1574796136,892100095,navsat_link,2,1,40.66582054166667,-74.56354273,43.153,0.00142884,0.0,0.0,0.0,0.0018662400000000001,0.0,0.0,0.0,207.36,1
1593996615.1996675,27637,1574796137,85042953,navsat_link,2,1,40.66582287,-74.563542275,43.219,0.00142884,0.0,0.0,0.0,0.0018662400000000001,0.0,0.0,0.0,207.36,1
1593996615.3914316,27638,1574796137,277034997,navsat_link,2,1,40.665825095,-74.563541685,43.276999999999994,0.00142884,0.0,0.0,0.0,0.0018662400000000001,0.0,0.0,0.0,207.36,1
1593996615.5978568,27639,1574796137,483144998,navsat_link,2,1,40.665827555,-74.56354083833334,43.284,0.00142884,0.0,0.0,0.0,0.0018662400000000001,0.0,0.0,0.0,207.36,1
1593996615.7994576,27640,1574796137,685152053,navsat_link,2,1,40.665829875,-74.56354026,43.248,0.00142884,0.0,0.0,0.0,0.0018662400000000001,0.0,0.0,0.0,207.36,1
1593996616.0108137,27641,1574796137,895932912,navsat_link,2,1,40.665832253333335,-74.56353944166666,43.236,0.00142884,0.0,0.0,0.0,0.0018662400000000001,0.0,0.0,0.0,207.36,1
1593996616.1995034,27642,1574796138,85015058,navsat_link,2,1,40.66583446833334,-74.56353854666666,43.282999999999994,0.00142884,0.0,0.0,0.0,0.0018662400000000001,0.0,0.0,0.0,207.36,1
1593996616.3948119,27643,1574796138,280265092,navsat_link,2,1,40.665836775,-74.56353742,43.276,0.00142884,0.0,0.0,0.0,0.0018662400000000001,0.0,0.0,0.0,207.36,1
1593996616.594619,27644,1574796138,480074882,navsat_link,2,1,40.66583919,-74.56353622,43.278,0.00142884,0.0,0.0,0.0,0.0018662400000000001,0.0,0.0,0.0,207.36,1
1593996616.8015497,27645,1574796138,686768054,navsat_link,2,1,40.665841385,-74.563534875,43.297999999999995,0.00142884,0.0,0.0,0.0,0.0018662400000000001,0.0,0.0,0.0,207.36,1
1593996616.9924607,27646,1574796138,877876996,navsat_link,2,1,40.665843655,-74.56353402166667,43.315999999999995,0.00142884,0.0,0.0,0.0,0.0018662400000000001,0.0,0.0,0.0,207.36,1
1593996617.1941628,27647,1574796139,79627037,navsat_link,2,1,40.66584576,-74.563532985,43.327000000000005,0.00142884,0.0,0.0,0.0,0.0018662400000000001,0.0,0.0,0.0,207.36,1
1593996617.3957877,27648,1574796139,280846118,navsat_link,2,1,40.66584709333333,-74.56353228666667,43.388,0.00142884,0.0,0.0,0.0,0.0018662400000000001,0.0,0.0,0.0,207.36,1
1593996617.5995317,27649,1574796139,484735965,navsat_link,2,1,40.6658492,-74.563531945,43.353,0.00142884,0.0,0.0,0.0,0.0018662400000000001,0.0,0.0,0.0,207.36,1
1593996617.8036928,27650,1574796139,685187101,navsat_link,2,1,40.66585156166666,-74.56353178333333,43.35999999999999,0.00142884,0.0,0.0,0.0,0.0018662400000000001,0.0,0.0,0.0,207.36,1
1593996618.0049267,27651,1574796139,889974117,navsat_link,2,1,40.665854098333334,-74.56353117,43.358,0.00142884,0.0,0.0,0.0,0.0018662400000000001,0.0,0.0,0.0,207.36,1
1593996618.205702,27652,1574796140,91188907,navsat_link,2,1,40.66585642333333,-74.56353087833334,43.382,0.00142884,0.0,0.0,0.0,0.0018662400000000001,0.0,0.0,0.0,207.36,1
1593996618.404887,27653,1574796140,284280061,navsat_link,2,1,40.6658587,-74.56353068833333,43.416000000000004,0.00142884,0.0,0.0,0.0,0.0018662400000000001,0.0,0.0,0.0,207.36,1
1593996618.5994267,27654,1574796140,484651088,navsat_link,2,1,40.66586125333333,-74.56353039666666,43.407000000000004,0.00142884,0.0,0.0,0.0,0.0018662400000000001,0.0,0.0,0.0,207.36,1
1593996618.8020077,27655,1574796140,686908960,navsat_link,2,1,40.66586362166667,-74.563529835,43.46,0.00142884,0.0,0.0,0.0,0.0018662400000000001,0.0,0.0,0.0,207.36,1
1593996618.9976285,27656,1574796140,881254911,navsat_link,2,1,40.66586606,-74.56352943333333,43.428999999999995,0.00142884,0.0,0.0,0.0,0.0018662400000000001,0.0,0.0,0.0,207.36,1
1593996619.1937306,27657,1574796141,79049110,navsat_link,2,1,40.66586850666667,-74.56352919833333,43.437999999999995,0.00142884,0.0,0.0,0.0,0.0018662400000000001,0.0,0.0,0.0,207.36,1
1593996619.4063756,27658,1574796141,291477918,navsat_link,2,1,40.66587077333333,-74.56352878,43.470000000000006,0.00142884,0.0,0.0,0.0,0.0018662400000000001,0.0,0.0,0.0,207.36,1
1593996619.596709,27659,1574796141,480815887,navsat_link,2,1,40.66587325333333,-74.56352850666667,43.471,0.00142884,0.0,0.0,0.0,0.0018662400000000001,0.0,0.0,0.0,207.36,1
1593996619.7932737,27660,1574796141,678536891,navsat_link,2,1,40.665875611666664,-74.56352822333334,43.492,0.00142884,0.0,0.0,0.0,0.0018662400000000001,0.0,0.0,0.0,207.36,1
1593996619.9990613,27661,1574796141,883066892,navsat_link,2,1,40.66587797,-74.56352784833334,43.50899999999999,0.00142884,0.0,0.0,0.0,0.0018662400000000001,0.0,0.0,0.0,207.36,1
1593996620.2199137,27662,1574796142,96447944,navsat_link,2,1,40.66588043666667,-74.56352742666667,43.549,0.00136161,0.0,0.0,0.0,0.0018662400000000001,0.0,0.0,0.0,207.36,1
1593996620.400101,27663,1574796142,284667968,navsat_link,2,1,40.66588291833333,-74.56352687666667,43.559999999999995,0.00136161,0.0,0.0,0.0,0.0018662400000000001,0.0,0.0,0.0,207.36,1
1593996620.5973005,27664,1574796142,482012033,navsat_link,2,1,40.665885288333335,-74.563526415,43.558,0.00136161,0.0,0.0,0.0,0.0018662400000000001,0.0,0.0,0.0,207.36,1
1593996620.8002956,27665,1574796142,684989929,navsat_link,2,1,40.66588750166667,-74.56352622,43.571999999999996,0.00142884,0.0,0.0,0.0,0.0018662400000000001,0.0,0.0,0.0,207.36,1
1593996621.0028443,27666,1574796142,887846946,navsat_link,2,1,40.66588969833333,-74.56352647,43.580999999999996,0.00142884,0.0,0.0,0.0,0.0018662400000000001,0.0,0.0,0.0,207.36,1
1593996621.2160213,27667,1574796143,100800991,navsat_link,2,1,40.665892318333334,-74.56352673833334,43.62499999999999,0.00136161,0.0,0.0,0.0,0.0018662400000000001,0.0,0.0,0.0,207.36,1
1593996621.3958778,27668,1574796143,280950069,navsat_link,2,1,40.665894605,-74.56352681166666,43.662,0.00136161,0.0,0.0,0.0,0.0018662400000000001,0.0,0.0,0.0,207.36,1
1593996621.5973024,27669,1574796143,481915950,navsat_link,2,1,40.665897155,-74.56352716333333,43.677,0.00142884,0.0,0.0,0.0,0.0018662400000000001,0.0,0.0,0.0,207.36,1
1593996621.7960885,27670,1574796143,681211948,navsat_link,2,1,40.66589951666667,-74.563527565,43.654999999999994,0.00142884,0.0,0.0,0.0,0.0018662400000000001,0.0,0.0,0.0,207.36,1
1593996621.9966254,27671,1574796143,881433010,navsat_link,2,1,40.665901641666665,-74.56352799,43.769,0.00142884,0.0,0.0,0.0,0.0018662400000000001,0.0,0.0,0.0,207.36,1
1593996622.2303052,27672,1574796144,114027023,navsat_link,2,1,40.665904053333335,-74.56352843,43.76499999999999,0.00136161,0.0,0.0,0.0,0.0018662400000000001,0.0,0.0,0.0,207.36,1
1593996622.4002538,27673,1574796144,285336971,navsat_link,2,1,40.665905955,-74.56352829833334,43.721,0.00136161,0.0,0.0,0.0,0.0018662400000000001,0.0,0.0,0.0,207.36,1
1593996622.5995448,27674,1574796144,484466075,navsat_link,2,1,40.66590806166667,-74.56352804666666,43.702999999999996,0.00142884,0.0,0.0,0.0,0.0018662400000000001,0.0,0.0,0.0,207.36,1
1593996622.7974586,27675,1574796144,682447910,navsat_link,2,1,40.665909905,-74.56352747833333,43.719,0.00142884,0.0,0.0,0.0,0.0018662400000000001,0.0,0.0,0.0,207.36,1
1593996622.9948013,27676,1574796144,880326032,navsat_link,2,1,40.66591183,-74.56352676833333,43.776999999999994,0.00142884,0.0,0.0,0.0,0.0018662400000000001,0.0,0.0,0.0,207.36,1
1593996623.2035272,27677,1574796145,89109897,navsat_link,2,1,40.66591423333333,-74.56352594166667,43.773999999999994,0.00136161,0.0,0.0,0.0,0.0018662400000000001,0.0,0.0,0.0,207.36,1
1593996623.398647,27678,1574796145,283932924,navsat_link,2,1,40.66591652,-74.563524825,43.802,0.00136161,0.0,0.0,0.0,0.0018662400000000001,0.0,0.0,0.0,207.36,1
1593996623.5997336,27679,1574796145,484795093,navsat_link,2,1,40.66591886333333,-74.56352389,43.803999999999995,0.00136161,0.0,0.0,0.0,0.0018662400000000001,0.0,0.0,0.0,207.36,1
1593996623.7933745,27680,1574796145,678497076,navsat_link,2,1,40.66592122,-74.563522895,43.791000000000004,0.00136161,0.0,0.0,0.0,0.0018662400000000001,0.0,0.0,0.0,207.36,1
1593996623.9977598,27681,1574796145,882867097,navsat_link,2,1,40.665923576666664,-74.563521965,43.827999999999996,0.00136161,0.0,0.0,0.0,0.0018662400000000001,0.0,0.0,0.0,207.36,1
1593996624.2248762,27682,1574796146,109790086,navsat_link,2,1,40.66592572,-74.56352089,43.852,0.00142884,0.0,0.0,0.0,0.0018662400000000001,0.0,0.0,0.0,207.36,1
1593996624.3963015,27683,1574796146,281615018,navsat_link,2,1,40.665928103333336,-74.56351972666667,43.895,0.00142884,0.0,0.0,0.0,0.0018662400000000001,0.0,0.0,0.0,207.36,1
1593996624.5980284,27684,1574796146,483546018,navsat_link,2,1,40.665930395,-74.56351866333333,43.913999999999994,0.00136161,0.0,0.0,0.0,0.0017892900000000005,0.0,0.0,0.0,207.36,1
1593996624.7994962,27685,1574796146,684356927,navsat_link,2,1,40.66593274833333,-74.56351769333334,43.940000000000005,0.00136161,0.0,0.0,0.0,0.0017892900000000005,0.0,0.0,0.0,207.36,1
1593996624.996785,27686,1574796146,882039070,navsat_link,2,1,40.66593483166667,-74.56351673833333,43.933,0.00136161,0.0,0.0,0.0,0.0017892900000000005,0.0,0.0,0.0,207.36,1
1593996625.2074142,27687,1574796147,92945098,navsat_link,2,1,40.66593719,-74.56351561833333,43.954,0.00136161,0.0,0.0,0.0,0.0017892900000000005,0.0,0.0,0.0,207.36,1
1593996625.3949203,27688,1574796147,279845952,navsat_link,2,1,40.66593945,-74.56351470166666,43.993,0.00136161,0.0,0.0,0.0,0.0017892900000000005,0.0,0.0,0.0,207.36,1
1593996625.5915344,27689,1574796147,476942062,navsat_link,2,1,40.665941923333335,-74.56351376166667,44.026999999999994,0.00136161,0.0,0.0,0.0,0.0017892900000000005,0.0,0.0,0.0,207.36,1
1593996625.7861557,27690,1574796147,671272993,navsat_link,2,1,40.66594431666667,-74.56351305166666,44.041000000000004,0.00136161,0.0,0.0,0.0,0.0017892900000000005,0.0,0.0,0.0,207.36,1
1593996625.9951727,27691,1574796147,880088090,navsat_link,2,1,40.665946551666664,-74.56351263333333,44.062999999999995,0.00136161,0.0,0.0,0.0,0.0017892900000000005,0.0,0.0,0.0,207.36,1
1593996626.2001293,27692,1574796148,85541009,navsat_link,2,1,40.66594884333333,-74.56351215333333,44.053000000000004,0.00136161,0.0,0.0,0.0,0.0017892900000000005,0.0,0.0,0.0,207.36,1
1593996626.389974,27693,1574796148,275033950,navsat_link,2,1,40.66595143166667,-74.56351194666667,44.077000000000005,0.00136161,0.0,0.0,0.0,0.0017892900000000005,0.0,0.0,0.0,207.36,1
1593996626.5879745,27694,1574796148,473218917,navsat_link,2,1,40.665953886666664,-74.563511665,44.071999999999996,0.00136161,0.0,0.0,0.0,0.0017892900000000005,0.0,0.0,0.0,207.36,1
1593996626.786579,27695,1574796148,672056913,navsat_link,2,1,40.66595624666667,-74.56351159166667,44.074000000000005,0.00136161,0.0,0.0,0.0,0.0017892900000000005,0.0,0.0,0.0,207.36,1
1593996626.9963987,27696,1574796148,882206916,navsat_link,2,1,40.66595867833333,-74.56351124,44.135,0.00136161,0.0,0.0,0.0,0.0017892900000000005,0.0,0.0,0.0,207.36,1
1593996627.1886423,27697,1574796149,74111938,navsat_link,2,1,40.665960948333336,-74.56351114833333,44.190000000000005,0.00136161,0.0,0.0,0.0,0.0017892900000000005,0.0,0.0,0.0,207.36,1
1593996627.385687,27698,1574796149,271197080,navsat_link,2,1,40.66596342166667,-74.563510915,44.205999999999996,0.00136161,0.0,0.0,0.0,0.0017892900000000005,0.0,0.0,0.0,207.36,1
1593996627.5919847,27699,1574796149,477577924,navsat_link,2,1,40.6659655,-74.563510975,44.279999999999994,0.00136161,0.0,0.0,0.0,0.0017892900000000005,0.0,0.0,0.0,207.36,1
1593996627.7918603,27700,1574796149,677041053,navsat_link,2,1,40.665968235,-74.56351026666667,44.202999999999996,0.00136161,0.0,0.0,0.0,0.0017892900000000005,0.0,0.0,0.0,207.36,1
1593996627.9952886,27701,1574796149,875648975,navsat_link,2,1,40.66597062833333,-74.56350998166667,44.239,0.00136161,0.0,0.0,0.0,0.0017892900000000005,0.0,0.0,0.0,207.36,1
1593996628.2037728,27702,1574796150,89096069,navsat_link,2,1,40.665972808333336,-74.56350976666667,44.23499999999999,0.00136161,0.0,0.0,0.0,0.0017892900000000005,0.0,0.0,0.0,207.36,1
1593996628.38767,27703,1574796150,272680997,navsat_link,2,1,40.665975385,-74.56350938833333,44.288999999999994,0.00136161,0.0,0.0,0.0,0.0017892900000000005,0.0,0.0,0.0,207.36,1
1593996628.5899394,27704,1574796150,475529909,navsat_link,2,1,40.665977696666666,-74.563509075,44.303000000000004,0.00136161,0.0,0.0,0.0,0.0017892900000000005,0.0,0.0,0.0,207.36,1
1593996628.7936404,27705,1574796150,679003953,navsat_link,2,1,40.665980276666666,-74.56350868333334,44.318000000000005,0.00136161,0.0,0.0,0.0,0.0017892900000000005,0.0,0.0,0.0,207.36,1
1593996628.9915915,27706,1574796150,877089023,navsat_link,2,1,40.665982805,-74.563507925,44.287,0.00136161,0.0,0.0,0.0,0.0017892900000000005,0.0,0.0,0.0,207.36,1
1593996629.1962245,27707,1574796151,75258016,navsat_link,2,1,40.66598494833333,-74.563507705,44.302,0.00136161,0.0,0.0,0.0,0.0017892900000000005,0.0,0.0,0.0,207.36,1
1593996629.3977187,27708,1574796151,282931089,navsat_link,2,1,40.665987485,-74.56350688166667,44.314,0.00136161,0.0,0.0,0.0,0.0017892900000000005,0.0,0.0,0.0,207.36,1
1593996629.5996077,27709,1574796151,485147953,navsat_link,2,1,40.66598985,-74.56350646166666,44.368,0.00136161,0.0,0.0,0.0,0.0018662400000000001,0.0,0.0,0.0,207.36,1
1593996629.8005593,27710,1574796151,685760974,navsat_link,2,1,40.665991975,-74.56350591333333,44.416999999999994,0.00136161,0.0,0.0,0.0,0.0017892900000000005,0.0,0.0,0.0,207.36,1
1593996630.0011528,27711,1574796151,885272979,navsat_link,2,1,40.66599434333333,-74.56350531666666,44.440999999999995,0.00136161,0.0,0.0,0.0,0.0017892900000000005,0.0,0.0,0.0,207.36,1
1593996630.1965702,27712,1574796152,81937074,navsat_link,2,1,40.665996826666664,-74.56350438333334,44.418,0.00136161,0.0,0.0,0.0,0.0017892900000000005,0.0,0.0,0.0,207.36,1
1593996630.4117172,27713,1574796152,297286987,navsat_link,2,1,40.665999195,-74.563503855,44.431999999999995,0.00136161,0.0,0.0,0.0,0.0017892900000000005,0.0,0.0,0.0,207.36,1
1593996630.5933893,27714,1574796152,478853940,navsat_link,2,1,40.66600164,-74.56350298166667,44.451,0.00136161,0.0,0.0,0.0,0.0017892900000000005,0.0,0.0,0.0,207.36,1
1593996630.7940037,27715,1574796152,678965091,navsat_link,2,1,40.66600397166667,-74.563502365,44.49099999999999,0.00136161,0.0,0.0,0.0,0.0018662400000000001,0.0,0.0,0.0,207.36,1
1593996631.0014155,27716,1574796152,886620998,navsat_link,2,1,40.666006285,-74.56350165,44.508,0.00136161,0.0,0.0,0.0,0.0017892900000000005,0.0,0.0,0.0,207.36,1
1593996631.1875966,27717,1574796153,72961091,navsat_link,2,1,40.66600815,-74.56350121333334,44.532000000000004,0.00136161,0.0,0.0,0.0,0.0017892900000000005,0.0,0.0,0.0,207.36,1
1593996631.4161255,27718,1574796153,301239967,navsat_link,2,1,40.66601085666667,-74.56350085333334,44.532000000000004,0.00136161,0.0,0.0,0.0,0.0017892900000000005,0.0,0.0,0.0,207.36,1
1593996631.5898695,27719,1574796153,475019931,navsat_link,2,1,40.666013076666665,-74.56350041333333,44.597,0.00136161,0.0,0.0,0.0,0.0017892900000000005,0.0,0.0,0.0,207.36,1
1593996631.7859387,27720,1574796153,671427965,navsat_link,2,1,40.66601541666667,-74.563500205,44.61599999999999,0.00136161,0.0,0.0,0.0,0.0017892900000000005,0.0,0.0,0.0,207.36,1
1593996632.0018897,27721,1574796153,886761903,navsat_link,2,1,40.66601783833333,-74.56349984333333,44.63999999999999,0.00136161,0.0,0.0,0.0,0.0017892900000000005,0.0,0.0,0.0,207.36,1
1593996632.198788,27722,1574796154,84270954,navsat_link,2,1,40.66602036166667,-74.56349935166666,44.623,0.00136161,0.0,0.0,0.0,0.0017892900000000005,0.0,0.0,0.0,207.36,1
1593996632.3991902,27723,1574796154,284041881,navsat_link,2,1,40.666022676666664,-74.56349886166667,44.656,0.00136161,0.0,0.0,0.0,0.0017892900000000005,0.0,0.0,0.0,207.36,1
1593996632.5987105,27724,1574796154,483894109,navsat_link,2,1,40.66602513,-74.56349836333334,44.74699999999999,0.00136161,0.0,0.0,0.0,0.0017892900000000005,0.0,0.0,0.0,207.36,1
1593996632.795348,27725,1574796154,680505990,navsat_link,2,1,40.6660274,-74.56349789833334,44.677,0.00136161,0.0,0.0,0.0,0.0017892900000000005,0.0,0.0,0.0,207.36,1
1593996632.9994526,27726,1574796154,884947061,navsat_link,2,1,40.666029871666666,-74.56349786333334,44.724,0.00136161,0.0,0.0,0.0,0.0017892900000000005,0.0,0.0,0.0,207.36,1
1593996633.190909,27727,1574796155,75776100,navsat_link,2,1,40.66603240166667,-74.56349771833334,44.736,0.00136161,0.0,0.0,0.0,0.0017892900000000005,0.0,0.0,0.0,207.36,1
1593996633.4007726,27728,1574796155,285947084,navsat_link,2,1,40.66603477666666,-74.56349772666667,44.74099999999999,0.00136161,0.0,0.0,0.0,0.0017892900000000005,0.0,0.0,0.0,207.36,1
1593996633.5900328,27729,1574796155,475650072,navsat_link,2,1,40.66603707666667,-74.56349804666667,44.782999999999994,0.00136161,0.0,0.0,0.0,0.0017892900000000005,0.0,0.0,0.0,207.36,1
1593996633.7897382,27730,1574796155,674644947,navsat_link,2,1,40.666039605,-74.563497945,44.847,0.00136161,0.0,0.0,0.0,0.0017892900000000005,0.0,0.0,0.0,207.36,1
1593996633.9960554,27731,1574796155,881359100,navsat_link,2,1,40.66604168,-74.56349830166667,44.838,0.00136161,0.0,0.0,0.0,0.0018662400000000001,0.0,0.0,0.0,207.36,1
1593996634.1948905,27732,1574796156,80076932,navsat_link,2,1,40.66604486833333,-74.56349783,44.776999999999994,0.00136161,0.0,0.0,0.0,0.0018662400000000001,0.0,0.0,0.0,207.36,1
1593996634.4044409,27733,1574796156,289424896,navsat_link,2,1,40.66604703666667,-74.56349828833334,44.767999999999994,0.00136161,0.0,0.0,0.0,0.0017892900000000005,0.0,0.0,0.0,207.36,1
1593996634.5924537,27734,1574796156,477574110,navsat_link,2,1,40.666049406666666,-74.56349813,44.794999999999995,0.00136161,0.0,0.0,0.0,0.0018662400000000001,0.0,0.0,0.0,207.36,1
1593996634.792986,27735,1574796156,678328037,navsat_link,2,1,40.66605187166667,-74.56349874,44.782000000000004,0.00142884,0.0,0.0,0.0,0.0020250000000000003,0.0,0.0,0.0,207.36,1
1593996635.003497,27736,1574796156,888572931,navsat_link,2,1,40.66605434833333,-74.56349845833333,44.827999999999996,0.00142884,0.0,0.0,0.0,0.0020250000000000003,0.0,0.0,0.0,207.36,1
1593996635.1916976,27737,1574796157,77006101,navsat_link,2,1,40.66605653333333,-74.56349862333333,44.913000000000004,0.00142884,0.0,0.0,0.0,0.0020250000000000003,0.0,0.0,0.0,207.36,1
1593996635.3984153,27738,1574796157,283859968,navsat_link,2,1,40.66605906,-74.56349897666666,44.925000000000004,0.00136161,0.0,0.0,0.0,0.00194481,0.0,0.0,0.0,207.36,1
1593996635.5942094,27739,1574796157,479804039,navsat_link,2,1,40.66606153833333,-74.56349910166666,44.983,0.00136161,0.0,0.0,0.0,0.00194481,0.0,0.0,0.0,207.36,1
1593996635.797627,27740,1574796157,682651996,navsat_link,2,1,40.666063896666664,-74.563499225,44.958999999999996,0.00136161,0.0,0.0,0.0,0.00194481,0.0,0.0,0.0,207.36,1
1593996636.0013525,27741,1574796157,885919094,navsat_link,2,1,40.666066281666666,-74.563499875,44.99699999999999,0.00136161,0.0,0.0,0.0,0.00194481,0.0,0.0,0.0,207.36,1
1593996636.2066588,27742,1574796158,92046022,navsat_link,2,1,40.666068628333335,-74.56349996,45.103,0.00136161,0.0,0.0,0.0,0.00194481,0.0,0.0,0.0,207.36,1
1593996636.3952432,27743,1574796158,280591011,navsat_link,2,1,40.66607105833333,-74.563499705,45.178999999999995,0.00136161,0.0,0.0,0.0,0.00194481,0.0,0.0,0.0,207.36,1
1593996636.5980356,27744,1574796158,482628107,navsat_link,2,1,40.66607331,-74.563500475,45.080000000000005,0.00136161,0.0,0.0,0.0,0.00227529,0.0,0.0,0.0,207.36,1
1593996636.7910202,27745,1574796158,676580905,navsat_link,2,1,40.666075828333334,-74.56350075166667,45.166999999999994,0.00136161,0.0,0.0,0.0,0.00194481,0.0,0.0,0.0,207.36,1
1593996637.004798,27746,1574796158,890052080,navsat_link,2,1,40.66607801166667,-74.56350094666666,45.12499999999999,0.00136161,0.0,0.0,0.0,0.00194481,0.0,0.0,0.0,207.36,1
1593996637.1893942,27747,1574796159,74631929,navsat_link,2,1,40.666080465,-74.56350130333334,45.136,0.00136161,0.0,0.0,0.0,0.00194481,0.0,0.0,0.0,207.36,1
1593996637.3908672,27748,1574796159,276262044,navsat_link,2,1,40.66608299666667,-74.56350162,45.177,0.00136161,0.0,0.0,0.0,0.00194481,0.0,0.0,0.0,207.36,1
1593996637.5865793,27749,1574796159,471637964,navsat_link,2,1,40.66608529333333,-74.56350148,45.202999999999996,0.00136161,0.0,0.0,0.0,0.00194481,0.0,0.0,0.0,207.36,1
1593996637.7908535,27750,1574796159,676245927,navsat_link,2,1,40.666087678333334,-74.56350174833334,45.306000000000004,0.00136161,0.0,0.0,0.0,0.0021068099999999998,0.0,0.0,0.0,207.36,1
1593996638.0020156,27751,1574796159,887188911,navsat_link,2,1,40.666089965,-74.56350152333333,45.282999999999994,0.00136161,0.0,0.0,0.0,0.0021068099999999998,0.0,0.0,0.0,207.36,1
1593996638.1973794,27752,1574796160,82747936,navsat_link,2,1,40.66609260833334,-74.56350135166667,45.359,0.00136161,0.0,0.0,0.0,0.0021068099999999998,0.0,0.0,0.0,207.36,1
1593996638.390545,27753,1574796160,275942087,navsat_link,2,1,40.66609509,-74.56350122833334,45.36899999999999,0.00136161,0.0,0.0,0.0,0.0020250000000000003,0.0,0.0,0.0,207.36,1
1593996638.6004395,27754,1574796160,485594034,navsat_link,2,1,40.666096753333335,-74.56350138166667,45.279999999999994,0.00136161,0.0,0.0,0.0,0.0020250000000000003,0.0,0.0,0.0,207.36,1
1593996638.783704,27755,1574796160,669013023,navsat_link,2,1,40.666098885,-74.56350145666667,45.306000000000004,0.00136161,0.0,0.0,0.0,0.0020250000000000003,0.0,0.0,0.0,207.36,1
1593996638.9889243,27756,1574796160,873797893,navsat_link,2,1,40.66610109,-74.56350210666666,45.38099999999999,0.00136161,0.0,0.0,0.0,0.0020250000000000003,0.0,0.0,0.0,207.36,1
1593996639.1807382,27757,1574796161,66184997,navsat_link,2,1,40.666103531666664,-74.56350290166667,45.421,0.00136161,0.0,0.0,0.0,0.00194481,0.0,0.0,0.0,207.36,1
1593996639.387248,27758,1574796161,272435903,navsat_link,2,1,40.666105931666664,-74.56350356166666,45.431000000000004,0.00136161,0.0,0.0,0.0,0.00194481,0.0,0.0,0.0,207.36,1
1593996639.5918343,27759,1574796161,477196931,navsat_link,2,1,40.6661079,-74.56350427666666,45.492,0.00136161,0.0,0.0,0.0,0.00194481,0.0,0.0,0.0,207.36,1
1593996639.7943316,27760,1574796161,679822921,navsat_link,2,1,40.66610945,-74.56350447333334,45.496,0.00136161,0.0,0.0,0.0,0.00194481,0.0,0.0,0.0,207.36,1
1593996640.0012689,27761,1574796161,886605024,navsat_link,2,1,40.66611035,-74.563504615,45.511,0.00136161,0.0,0.0,0.0,0.00194481,0.0,0.0,0.0,207.36,1
1593996640.194937,27762,1574796162,80391883,navsat_link,2,1,40.666110491666664,-74.563504575,45.51,0.00136161,0.0,0.0,0.0,0.0020250000000000003,0.0,0.0,0.0,207.36,1
1593996640.392133,27763,1574796162,276803970,navsat_link,2,1,40.66611122,-74.56350515,45.528,0.00136161,0.0,0.0,0.0,0.00194481,0.0,0.0,0.0,207.36,1
1593996640.5955343,27764,1574796162,480781078,navsat_link,2,1,40.666112295,-74.56350613833334,45.47899999999999,0.00136161,0.0,0.0,0.0,0.00194481,0.0,0.0,0.0,207.36,1
1593996640.7882729,27765,1574796162,673337936,navsat_link,2,1,40.66611335166667,-74.56350718666667,45.52,0.00136161,0.0,0.0,0.0,0.00194481,0.0,0.0,0.0,207.36,1
1593996640.9995975,27766,1574796162,885116100,navsat_link,2,1,40.66611428666667,-74.56350805666666,45.54,0.00136161,0.0,0.0,0.0,0.00194481,0.0,0.0,0.0,207.36,1
1593996641.1834917,27767,1574796163,68815946,navsat_link,2,1,40.666115033333334,-74.56350838666667,45.550000000000004,0.00136161,0.0,0.0,0.0,0.00194481,0.0,0.0,0.0,207.36,1
1593996641.3886628,27768,1574796163,273526906,navsat_link,2,1,40.666115245,-74.56350846833334,45.555,0.00136161,0.0,0.0,0.0,0.00194481,0.0,0.0,0.0,207.36,1
1593996641.595674,27769,1574796163,480884075,navsat_link,2,1,40.666115168333334,-74.56350849166667,45.555,0.00136161,0.0,0.0,0.0,0.00194481,0.0,0.0,0.0,207.36,1
1593996641.7840264,27770,1574796163,669348955,navsat_link,2,1,40.666115168333334,-74.56350855333334,45.556000000000004,0.00136161,0.0,0.0,0.0,0.00194481,0.0,0.0,0.0,207.36,1
1593996641.9894686,27771,1574796163,874921083,navsat_link,2,1,40.66611564666667,-74.56350933666667,45.588,0.00136161,0.0,0.0,0.0,0.00194481,0.0,0.0,0.0,207.36,1
1593996642.1975117,27772,1574796164,82885026,navsat_link,2,1,40.66611605,-74.56351124333334,45.567,0.00136161,0.0,0.0,0.0,0.00194481,0.0,0.0,0.0,207.36,1
1593996642.3942802,27773,1574796164,278868913,navsat_link,2,1,40.66611639333333,-74.563512715,45.596,0.00136161,0.0,0.0,0.0,0.00194481,0.0,0.0,0.0,207.36,1
1593996642.6011221,27774,1574796164,486449003,navsat_link,2,1,40.66611716333333,-74.56351400666667,45.606,0.00136161,0.0,0.0,0.0,0.00194481,0.0,0.0,0.0,207.36,1
1593996642.7917547,27775,1574796164,676245927,navsat_link,2,1,40.666117445,-74.56351469333333,45.608,0.00136161,0.0,0.0,0.0,0.00194481,0.0,0.0,0.0,207.36,1
1593996642.9963696,27776,1574796164,881105899,navsat_link,2,1,40.666117675,-74.56351447333333,45.614,0.00136161,0.0,0.0,0.0,0.00194481,0.0,0.0,0.0,207.36,1
1593996643.1831882,27777,1574796165,68504095,navsat_link,2,1,40.666117658333334,-74.56351544,45.573,0.00136161,0.0,0.0,0.0,0.00194481,0.0,0.0,0.0,207.36,1
1593996643.3945868,27778,1574796165,279603004,navsat_link,2,1,40.666117746666664,-74.56351570333334,45.591,0.00136161,0.0,0.0,0.0,0.00194481,0.0,0.0,0.0,207.36,1
1593996643.606381,27779,1574796165,491323947,navsat_link,2,1,40.66611744,-74.563516785,45.562000000000005,0.00136161,0.0,0.0,0.0,0.00194481,0.0,0.0,0.0,207.36,1
1593996643.7862856,27780,1574796165,670994043,navsat_link,2,1,40.666117123333336,-74.56351838833334,45.562999999999995,0.00136161,0.0,0.0,0.0,0.00194481,0.0,0.0,0.0,207.36,1
1593996643.991091,27781,1574796165,876174926,navsat_link,2,1,40.666116953333336,-74.56351915833334,45.589999999999996,0.00136161,0.0,0.0,0.0,0.00194481,0.0,0.0,0.0,207.36,1
1593996644.1974328,27782,1574796166,82453966,navsat_link,2,1,40.666116738333336,-74.56352018,45.577999999999996,0.00136161,0.0,0.0,0.0,0.00194481,0.0,0.0,0.0,207.36,1
1593996644.392928,27783,1574796166,278095006,navsat_link,2,1,40.66611673333333,-74.563521905,45.547000000000004,0.00136161,0.0,0.0,0.0,0.00194481,0.0,0.0,0.0,207.36,1
1593996644.6067686,27784,1574796166,491115093,navsat_link,2,1,40.666117193333335,-74.563523395,45.535999999999994,0.00136161,0.0,0.0,0.0,0.00194481,0.0,0.0,0.0,207.36,1
1593996644.7878544,27785,1574796166,673192024,navsat_link,2,1,40.666117121666666,-74.56352547,45.531,0.00136161,0.0,0.0,0.0,0.00194481,0.0,0.0,0.0,207.36,1
1593996644.992314,27786,1574796166,877178907,navsat_link,2,1,40.666117363333335,-74.56352701,45.559000000000005,0.00136161,0.0,0.0,0.0,0.00194481,0.0,0.0,0.0,207.36,1
1593996645.1972086,27787,1574796167,82355022,navsat_link,2,1,40.66611759166667,-74.56352852166667,45.544999999999995,0.00136161,0.0,0.0,0.0,0.00194481,0.0,0.0,0.0,207.36,1
1593996645.392209,27788,1574796167,277600049,navsat_link,2,1,40.666117588333336,-74.56353041333334,45.550000000000004,0.00136161,0.0,0.0,0.0,0.00194481,0.0,0.0,0.0,207.36,1
1593996645.5867708,27789,1574796167,472172021,navsat_link,2,1,40.66611772,-74.56353201333333,45.519,0.00136161,0.0,0.0,0.0,0.00194481,0.0,0.0,0.0,207.36,1
1593996645.7919772,27790,1574796167,677375078,navsat_link,2,1,40.666117990000004,-74.56353370833334,45.517999999999994,0.00136161,0.0,0.0,0.0,0.00194481,0.0,0.0,0.0,207.36,1
1593996645.997359,27791,1574796167,882319927,navsat_link,2,1,40.666118241666666,-74.56353552333333,45.502,0.00136161,0.0,0.0,0.0,0.00194481,0.0,0.0,0.0,207.36,1
1593996646.2098796,27792,1574796168,94903945,navsat_link,2,1,40.666118225,-74.563537045,45.51,0.00136161,0.0,0.0,0.0,0.00194481,0.0,0.0,0.0,207.36,1
1593996646.3940024,27793,1574796168,279550075,navsat_link,2,1,40.666118385,-74.56353856166666,45.519,0.00136161,0.0,0.0,0.0,0.0018662400000000001,0.0,0.0,0.0,207.36,1
1593996646.5896919,27794,1574796168,475119113,navsat_link,2,1,40.66611876666666,-74.56354026333334,45.48,0.00136161,0.0,0.0,0.0,0.0021068099999999998,0.0,0.0,0.0,207.36,1
1593996646.7878509,27795,1574796168,673192977,navsat_link,2,1,40.666118885,-74.563542115,45.451,0.00136161,0.0,0.0,0.0,0.0020250000000000003,0.0,0.0,0.0,207.36,1
1593996647.010349,27796,1574796168,895523071,navsat_link,2,1,40.666119026666664,-74.56354379166666,45.416000000000004,0.00136161,0.0,0.0,0.0,0.0020250000000000003,0.0,0.0,0.0,207.36,1
1593996647.185054,27797,1574796169,70250034,navsat_link,2,1,40.666119026666664,-74.563544735,45.425999999999995,0.00136161,0.0,0.0,0.0,0.00194481,0.0,0.0,0.0,207.36,1
1593996647.3948007,27798,1574796169,280148029,navsat_link,2,1,40.66611897833333,-74.56354606166667,45.49,0.00136161,0.0,0.0,0.0,0.00194481,0.0,0.0,0.0,207.36,1
1593996647.5923831,27799,1574796169,477622985,navsat_link,2,1,40.66611927333334,-74.56354764166667,45.487,0.00136161,0.0,0.0,0.0,0.00194481,0.0,0.0,0.0,207.36,1
1593996647.7973416,27800,1574796169,682310104,navsat_link,2,1,40.666119423333335,-74.56354944333333,45.472,0.00136161,0.0,0.0,0.0,0.00194481,0.0,0.0,0.0,207.36,1
1593996648.0098567,27801,1574796169,894931077,navsat_link,2,1,40.666119525,-74.56355107,45.48,0.00136161,0.0,0.0,0.0,0.00194481,0.0,0.0,0.0,207.36,1
1593996648.1981206,27802,1574796170,83528995,navsat_link,2,1,40.666119693333336,-74.56355284166666,45.496,0.00136161,0.0,0.0,0.0,0.00194481,0.0,0.0,0.0,207.36,1
1593996648.3874488,27803,1574796170,272975921,navsat_link,2,1,40.66611982,-74.56355447,45.50299999999999,0.0012960000000000003,0.0,0.0,0.0,0.00194481,0.0,0.0,0.0,207.36,1
1593996648.590567,27804,1574796170,475358009,navsat_link,2,1,40.66612000166667,-74.56355590333334,45.526999999999994,0.00136161,0.0,0.0,0.0,0.00194481,0.0,0.0,0.0,207.36,1
1593996648.7922513,27805,1574796170,677783012,navsat_link,2,1,40.666120371666665,-74.563557795,45.445,0.0012960000000000003,0.0,0.0,0.0,0.00194481,0.0,0.0,0.0,207.36,1
1593996648.992685,27806,1574796170,878196001,navsat_link,2,1,40.66612047666667,-74.563559825,45.442,0.0012960000000000003,0.0,0.0,0.0,0.00194481,0.0,0.0,0.0,207.36,1
1593996649.191145,27807,1574796171,76706886,navsat_link,2,1,40.66612058,-74.56356107833334,45.501,0.0012960000000000003,0.0,0.0,0.0,0.00194481,0.0,0.0,0.0,207.36,1
1593996649.3956327,27808,1574796171,280776023,navsat_link,2,1,40.666120795,-74.56356279333333,45.54,0.00136161,0.0,0.0,0.0,0.00194481,0.0,0.0,0.0,207.36,1
1593996649.5933354,27809,1574796171,478363990,navsat_link,2,1,40.66612085,-74.56356465,45.50299999999999,0.0012960000000000003,0.0,0.0,0.0,0.00194481,0.0,0.0,0.0,207.36,1
1593996649.7987888,27810,1574796171,684473037,navsat_link,2,1,40.66612096,-74.563566115,45.472,0.0012960000000000003,0.0,0.0,0.0,0.00194481,0.0,0.0,0.0,207.36,1
1593996649.989498,27811,1574796171,874631881,navsat_link,2,1,40.66612128,-74.56356811166667,45.492,0.0012960000000000003,0.0,0.0,0.0,0.00194481,0.0,0.0,0.0,207.36,1
1593996650.198691,27812,1574796172,84068059,navsat_link,2,1,40.666121401666665,-74.56356993,45.49699999999999,0.0012960000000000003,0.0,0.0,0.0,0.00194481,0.0,0.0,0.0,207.36,1
1593996650.3866105,27813,1574796172,272141933,navsat_link,2,1,40.666121518333334,-74.563571515,45.507,0.0012960000000000003,0.0,0.0,0.0,0.00194481,0.0,0.0,0.0,207.36,1
1593996650.592838,27814,1574796172,478148937,navsat_link,2,1,40.666121671666666,-74.56357312833333,45.466,0.0012960000000000003,0.0,0.0,0.0,0.0018662400000000001,0.0,0.0,0.0,207.36,1
1593996650.801033,27815,1574796172,686516046,navsat_link,2,1,40.66612189166667,-74.563575145,45.424,0.0012960000000000003,0.0,0.0,0.0,0.00194481,0.0,0.0,0.0,207.36,1
1593996650.9920547,27816,1574796172,877470016,navsat_link,2,1,40.666122073333334,-74.563576805,45.454,0.0012960000000000003,0.0,0.0,0.0,0.00194481,0.0,0.0,0.0,207.36,1
1593996651.1924896,27817,1574796173,78107118,navsat_link,2,1,40.666122171666665,-74.56357849833333,45.51,0.0012960000000000003,0.0,0.0,0.0,0.00194481,0.0,0.0,0.0,207.36,1
1593996651.3970907,27818,1574796173,282484054,navsat_link,2,1,40.666122215,-74.563580065,45.463,0.0012960000000000003,0.0,0.0,0.0,0.0018662400000000001,0.0,0.0,0.0,207.36,1
1593996651.5893714,27819,1574796173,474483966,navsat_link,2,1,40.66612241333333,-74.56358167333333,45.461000000000006,0.0012960000000000003,0.0,0.0,0.0,0.0018662400000000001,0.0,0.0,0.0,207.36,1
1593996651.8056777,27820,1574796173,690501928,navsat_link,2,1,40.66612260833333,-74.56358364333333,45.434999999999995,0.0012960000000000003,0.0,0.0,0.0,0.00194481,0.0,0.0,0.0,207.36,1
1593996651.9951844,27821,1574796173,880590915,navsat_link,2,1,40.666122636666664,-74.563585075,45.458999999999996,0.0012960000000000003,0.0,0.0,0.0,0.00194481,0.0,0.0,0.0,207.36,1
1593996652.1971254,27822,1574796174,82712888,navsat_link,2,1,40.66612255166667,-74.56358679333333,45.467999999999996,0.0012960000000000003,0.0,0.0,0.0,0.0018662400000000001,0.0,0.0,0.0,207.36,1
1593996652.3894348,27823,1574796174,274127006,navsat_link,2,1,40.66612245,-74.56358844666667,45.47899999999999,0.0012960000000000003,0.0,0.0,0.0,0.0018662400000000001,0.0,0.0,0.0,207.36,1
1593996652.6006787,27824,1574796174,485797882,navsat_link,2,1,40.666122195,-74.56359009666667,45.486,0.0012960000000000003,0.0,0.0,0.0,0.0018662400000000001,0.0,0.0,0.0,207.36,1
1593996652.812597,27825,1574796174,698054075,navsat_link,2,1,40.666122015,-74.56359187166667,45.46,0.0012960000000000003,0.0,0.0,0.0,0.0018662400000000001,0.0,0.0,0.0,207.36,1
1593996652.9953237,27826,1574796174,880135059,navsat_link,2,1,40.666121843333336,-74.56359346166667,45.428999999999995,0.0012960000000000003,0.0,0.0,0.0,0.0018662400000000001,0.0,0.0,0.0,207.36,1
1593996653.2000341,27827,1574796175,84367990,navsat_link,2,1,40.666121503333336,-74.56359524833333,45.418,0.0012960000000000003,0.0,0.0,0.0,0.0018662400000000001,0.0,0.0,0.0,207.36,1
1593996653.3946586,27828,1574796175,279227018,navsat_link,2,1,40.66612138666667,-74.56359687166666,45.404,0.0012960000000000003,0.0,0.0,0.0,0.0018662400000000001,0.0,0.0,0.0,207.36,1
1593996653.592165,27829,1574796175,476862907,navsat_link,2,1,40.666121366666665,-74.56359866833333,45.412,0.0012960000000000003,0.0,0.0,0.0,0.0018662400000000001,0.0,0.0,0.0,207.36,1
1593996653.8052936,27830,1574796175,690499067,navsat_link,2,1,40.666120936666665,-74.56360009166667,45.377,0.0012960000000000003,0.0,0.0,0.0,0.00194481,0.0,0.0,0.0,207.36,1
1593996653.9896662,27831,1574796175,874700069,navsat_link,2,1,40.66612095833333,-74.56360058166666,45.36599999999999,0.00136161,0.0,0.0,0.0,0.00194481,0.0,0.0,0.0,207.36,1
1593996654.2012396,27832,1574796176,85577011,navsat_link,2,1,40.666120506666665,-74.56360245666667,45.434000000000005,0.00136161,0.0,0.0,0.0,0.00194481,0.0,0.0,0.0,207.36,1
1593996654.3916378,27833,1574796176,276221036,navsat_link,2,1,40.66612009,-74.563604155,45.38099999999999,0.0012960000000000003,0.0,0.0,0.0,0.00194481,0.0,0.0,0.0,207.36,1
1593996654.5962467,27834,1574796176,479243993,navsat_link,2,1,40.66612007,-74.56360577,45.394,0.0012960000000000003,0.0,0.0,0.0,0.0018662400000000001,0.0,0.0,0.0,207.36,1
1593996654.7956831,27835,1574796176,680907964,navsat_link,2,1,40.66611983833333,-74.563607185,45.36899999999999,0.0012960000000000003,0.0,0.0,0.0,0.0018662400000000001,0.0,0.0,0.0,207.36,1
1593996654.9890864,27836,1574796176,874452114,navsat_link,2,1,40.666119693333336,-74.56360905833333,45.371,0.0012960000000000003,0.0,0.0,0.0,0.0018662400000000001,0.0,0.0,0.0,207.36,1
1593996655.2009003,27837,1574796177,85131883,navsat_link,2,1,40.66611938166667,-74.56361047,45.379,0.0012960000000000003,0.0,0.0,0.0,0.00194481,0.0,0.0,0.0,207.36,1
1593996655.3956249,27838,1574796177,280731916,navsat_link,2,1,40.666119433333336,-74.563612675,45.38099999999999,0.0012960000000000003,0.0,0.0,0.0,0.0018662400000000001,0.0,0.0,0.0,207.36,1
1593996655.5945523,27839,1574796177,478296041,navsat_link,2,1,40.66611937333333,-74.56361416166666,45.364,0.0012960000000000003,0.0,0.0,0.0,0.00194481,0.0,0.0,0.0,207.36,1
1593996655.7895355,27840,1574796177,674344062,navsat_link,2,1,40.666119271666666,-74.56361623833334,45.356,0.0012960000000000003,0.0,0.0,0.0,0.0018662400000000001,0.0,0.0,0.0,207.36,1
1593996655.9981418,27841,1574796177,883212089,navsat_link,2,1,40.666119071666664,-74.56361795666666,45.338,0.0012960000000000003,0.0,0.0,0.0,0.0018662400000000001,0.0,0.0,0.0,207.36,1
1593996656.196345,27842,1574796178,81569910,navsat_link,2,1,40.66611900833333,-74.56361872,45.342999999999996,0.0012960000000000003,0.0,0.0,0.0,0.0018662400000000001,0.0,0.0,0.0,207.36,1
1593996656.3918247,27843,1574796178,277098894,navsat_link,2,1,40.66611889,-74.563619975,45.346,0.0012960000000000003,0.0,0.0,0.0,0.0018662400000000001,0.0,0.0,0.0,207.36,1
1593996656.588144,27844,1574796178,473638057,navsat_link,2,1,40.66611889333333,-74.56362149333333,45.345000000000006,0.0012960000000000003,0.0,0.0,0.0,0.0018662400000000001,0.0,0.0,0.0,207.36,1
1593996656.8036535,27845,1574796178,688730001,navsat_link,2,1,40.66611905833334,-74.563622035,45.35,0.0012960000000000003,0.0,0.0,0.0,0.0018662400000000001,0.0,0.0,0.0,207.36,1
1593996656.9916847,27846,1574796178,877134084,navsat_link,2,1,40.66611892,-74.56362211166666,45.35,0.0012960000000000003,0.0,0.0,0.0,0.0018662400000000001,0.0,0.0,0.0,207.36,1
1593996657.194621,27847,1574796179,79258918,navsat_link,2,1,40.666118743333335,-74.56362263166666,45.315000000000005,0.0012960000000000003,0.0,0.0,0.0,0.0018662400000000001,0.0,0.0,0.0,207.36,1
1593996657.3888457,27848,1574796179,274302005,navsat_link,2,1,40.66611999333333,-74.563624145,45.353,0.0012960000000000003,0.0,0.0,0.0,0.0018662400000000001,0.0,0.0,0.0,207.36,1
1593996657.5856304,27849,1574796179,470890045,navsat_link,2,1,40.66612153166667,-74.563625545,45.37,0.0012960000000000003,0.0,0.0,0.0,0.0018662400000000001,0.0,0.0,0.0,207.36,1
1593996657.7924364,27850,1574796179,677675962,navsat_link,2,1,40.666122545,-74.56362643666667,45.385,0.0012960000000000003,0.0,0.0,0.0,0.0018662400000000001,0.0,0.0,0.0,207.36,1
1593996657.9874065,27851,1574796179,872622013,navsat_link,2,1,40.66612302,-74.56362704166666,45.362,0.0012960000000000003,0.0,0.0,0.0,0.0018662400000000001,0.0,0.0,0.0,207.36,1
1593996658.2096267,27852,1574796180,94568967,navsat_link,2,1,40.66612336666667,-74.56362758166667,45.35999999999999,0.0012960000000000003,0.0,0.0,0.0,0.0018662400000000001,0.0,0.0,0.0,207.36,1
1593996658.3904312,27853,1574796180,275981903,navsat_link,2,1,40.66612352833333,-74.563627695,45.362,0.0012960000000000003,0.0,0.0,0.0,0.0018662400000000001,0.0,0.0,0.0,207.36,1
1593996658.5908225,27854,1574796180,476161003,navsat_link,2,1,40.66612354,-74.56362719333333,45.359,0.0012960000000000003,0.0,0.0,0.0,0.0018662400000000001,0.0,0.0,0.0,207.36,1
1593996658.7917411,27855,1574796180,677457094,navsat_link,2,1,40.66612372,-74.56362783666667,45.36899999999999,0.0012960000000000003,0.0,0.0,0.0,0.00194481,0.0,0.0,0.0,207.36,1
1593996659.0078158,27856,1574796180,893408060,navsat_link,2,1,40.666123911666666,-74.56362922,45.398999999999994,0.0012960000000000003,0.0,0.0,0.0,0.0018662400000000001,0.0,0.0,0.0,207.36,1
1593996659.189292,27857,1574796181,74393033,navsat_link,2,1,40.666124133333334,-74.563630955,45.37799999999999,0.0012960000000000003,0.0,0.0,0.0,0.0018662400000000001,0.0,0.0,0.0,207.36,1
1593996659.384301,27858,1574796181,270186901,navsat_link,2,1,40.66612461,-74.563632905,45.364,0.0012960000000000003,0.0,0.0,0.0,0.0018662400000000001,0.0,0.0,0.0,207.36,1
1593996659.5930486,27859,1574796181,478424072,navsat_link,2,1,40.66612476,-74.56363445166667,45.35399999999999,0.0012960000000000003,0.0,0.0,0.0,0.0018662400000000001,0.0,0.0,0.0,207.36,1
1593996659.7941215,27860,1574796181,679606914,navsat_link,2,1,40.666124913333334,-74.56363586166667,45.397,0.0012960000000000003,0.0,0.0,0.0,0.0018662400000000001,0.0,0.0,0.0,207.36,1
1593996660.0135303,27861,1574796181,898437976,navsat_link,2,1,40.666125128333334,-74.56363746833334,45.410999999999994,0.0012960000000000003,0.0,0.0,0.0,0.0018662400000000001,0.0,0.0,0.0,207.36,1
1593996660.1903071,27862,1574796182,75757980,navsat_link,2,1,40.666125395,-74.563639705,45.398999999999994,0.0012960000000000003,0.0,0.0,0.0,0.0018662400000000001,0.0,0.0,0.0,207.36,1
1593996660.3937254,27863,1574796182,279002904,navsat_link,2,1,40.666125885,-74.56364242,45.38099999999999,0.0012960000000000003,0.0,0.0,0.0,0.0018662400000000001,0.0,0.0,0.0,207.36,1
1593996660.5883358,27864,1574796182,473767995,navsat_link,2,1,40.666126418333334,-74.56364417666667,45.368,0.0012960000000000003,0.0,0.0,0.0,0.0018662400000000001,0.0,0.0,0.0,207.36,1
1593996660.7912328,27865,1574796182,676651000,navsat_link,2,1,40.666126895,-74.56364522333334,45.285999999999994,0.0012960000000000003,0.0,0.0,0.0,0.0018662400000000001,0.0,0.0,0.0,207.36,1
1593996661.0017102,27866,1574796182,887310981,navsat_link,2,1,40.66612705666667,-74.56364556,45.269,0.0012960000000000003,0.0,0.0,0.0,0.0018662400000000001,0.0,0.0,0.0,207.36,1
1593996661.1946068,27867,1574796183,79926967,navsat_link,2,1,40.66612699833333,-74.56364703833333,45.281,0.0012960000000000003,0.0,0.0,0.0,0.0018662400000000001,0.0,0.0,0.0,207.36,1
1593996661.3955934,27868,1574796183,280942916,navsat_link,2,1,40.666126695,-74.56364910666667,45.296,0.0012960000000000003,0.0,0.0,0.0,0.0018662400000000001,0.0,0.0,0.0,207.36,1
1593996661.5924008,27869,1574796183,478066921,navsat_link,2,1,40.66612637666667,-74.56365067333333,45.309999999999995,0.0012960000000000003,0.0,0.0,0.0,0.0018662400000000001,0.0,0.0,0.0,207.36,1
1593996661.7923684,27870,1574796183,678046941,navsat_link,2,1,40.666126213333335,-74.56365227833334,45.282999999999994,0.0012960000000000003,0.0,0.0,0.0,0.0018662400000000001,0.0,0.0,0.0,207.36,1
1593996662.010397,27871,1574796183,895797014,navsat_link,2,1,40.66612601,-74.56365376666666,45.251,0.0012960000000000003,0.0,0.0,0.0,0.0018662400000000001,0.0,0.0,0.0,207.36,1
1593996662.204845,27872,1574796184,90152978,navsat_link,2,1,40.66612587666667,-74.56365483333333,45.279,0.0012960000000000003,0.0,0.0,0.0,0.0018662400000000001,0.0,0.0,0.0,207.36,1
1593996662.3929236,27873,1574796184,278292894,navsat_link,2,1,40.666126121666665,-74.56365655666667,45.291000000000004,0.0012960000000000003,0.0,0.0,0.0,0.0018662400000000001,0.0,0.0,0.0,207.36,1
1593996662.5936258,27874,1574796184,478857040,navsat_link,2,1,40.66612611833333,-74.56365780166666,45.300000000000004,0.0012960000000000003,0.0,0.0,0.0,0.0018662400000000001,0.0,0.0,0.0,207.36,1
1593996662.7902906,27875,1574796184,675898075,navsat_link,2,1,40.66612606166667,-74.56365921666666,45.288999999999994,0.0012960000000000003,0.0,0.0,0.0,0.0018662400000000001,0.0,0.0,0.0,207.36,1
1593996662.9946032,27876,1574796184,880011081,navsat_link,2,1,40.66612598333333,-74.56366116,45.296,0.0012960000000000003,0.0,0.0,0.0,0.0018662400000000001,0.0,0.0,0.0,207.36,1
1593996663.1968076,27877,1574796185,82082033,navsat_link,2,1,40.666125963333336,-74.563661495,45.287,0.0012960000000000003,0.0,0.0,0.0,0.0018662400000000001,0.0,0.0,0.0,207.36,1
1593996663.3935027,27878,1574796185,278984069,navsat_link,2,1,40.666125961666665,-74.56366142833333,45.287,0.0012960000000000003,0.0,0.0,0.0,0.0018662400000000001,0.0,0.0,0.0,207.36,1
1593996663.593735,27879,1574796185,478424072,navsat_link,2,1,40.66612595,-74.56366150333334,45.29,0.0012960000000000003,0.0,0.0,0.0,0.0018662400000000001,0.0,0.0,0.0,207.36,1
1593996663.798198,27880,1574796185,682657003,navsat_link,2,1,40.666125873333336,-74.56366232,45.312999999999995,0.0012960000000000003,0.0,0.0,0.0,0.0018662400000000001,0.0,0.0,0.0,207.36,1
1593996664.0003908,27881,1574796185,883455991,navsat_link,2,1,40.66612577,-74.56366386166667,45.312000000000005,0.0012960000000000003,0.0,0.0,0.0,0.0018662400000000001,0.0,0.0,0.0,207.36,1
1593996664.197432,27882,1574796186,81996917,navsat_link,2,1,40.66612534666667,-74.563667435,45.23199999999999,0.0012960000000000003,0.0,0.0,0.0,0.0018662400000000001,0.0,0.0,0.0,0.005184000000000001,1
1593996664.4016235,27883,1574796186,286786079,navsat_link,2,1,40.666125146666666,-74.56366703333333,45.347,6.560999999999999e-05,0.0,0.0,0.0,8.100000000000002e-05,0.0,0.0,0.0,207.36,1
1593996664.5926695,27884,1574796186,477731943,navsat_link,2,1,40.66612460333333,-74.56367052666667,45.22599999999999,0.0012960000000000003,0.0,0.0,0.0,0.0018662400000000001,0.0,0.0,0.0,0.005184000000000001,1
1593996664.794982,27885,1574796186,680018901,navsat_link,2,1,40.666124065,-74.563671905,45.205000000000005,3.969e-05,0.0,0.0,0.0,6.560999999999999e-05,0.0,0.0,0.0,0.005184000000000001,1
1593996664.9977088,27886,1574796186,882508993,navsat_link,2,1,40.66612364,-74.56367153666666,45.36899999999999,3.969e-05,0.0,0.0,0.0,5.184000000000001e-05,0.0,0.0,0.0,207.36,1
1593996665.1913652,27887,1574796187,76246023,navsat_link,2,1,40.666123115,-74.563673005,45.347,0.0012960000000000003,0.0,0.0,0.0,0.0018662400000000001,0.0,0.0,0.0,207.36,1
1593996665.3949022,27888,1574796187,279179096,navsat_link,2,1,40.666122465,-74.56367475833333,45.312000000000005,0.0012960000000000003,0.0,0.0,0.0,0.0018662400000000001,0.0,0.0,0.0,207.36,1
1593996665.6012213,27889,1574796187,486347913,navsat_link,2,1,40.66612190166666,-74.56367618833333,45.300000000000004,0.0012960000000000003,0.0,0.0,0.0,0.0018662400000000001,0.0,0.0,0.0,207.36,1
1593996665.8038633,27890,1574796187,688174009,navsat_link,2,1,40.66612133333334,-74.56367771666666,45.300999999999995,0.0012960000000000003,0.0,0.0,0.0,0.0018662400000000001,0.0,0.0,0.0,207.36,1
1593996666.0014174,27891,1574796187,885319948,navsat_link,2,1,40.66612076,-74.56367889333333,45.349,0.0012960000000000003,0.0,0.0,0.0,0.0018662400000000001,0.0,0.0,0.0,207.36,1
1593996666.204001,27892,1574796188,89071035,navsat_link,2,1,40.66612004833333,-74.56368121,45.358,0.00123201,0.0,0.0,0.0,0.0017892900000000005,0.0,0.0,0.0,207.36,1
1593996666.3996904,27893,1574796188,284794092,navsat_link,2,1,40.66611955166667,-74.563683395,45.333000000000006,0.00123201,0.0,0.0,0.0,0.0017892900000000005,0.0,0.0,0.0,207.36,1
1593996666.599807,27894,1574796188,485030889,navsat_link,2,1,40.66611915833333,-74.56368664833333,45.288000000000004,0.0012960000000000003,0.0,0.0,0.0,0.0017892900000000005,0.0,0.0,0.0,207.36,1
1593996666.7978072,27895,1574796188,682774066,navsat_link,2,1,40.666118675,-74.56368982333333,45.309000000000005,0.0012960000000000003,0.0,0.0,0.0,0.0017892900000000005,0.0,0.0,0.0,207.36,1
1593996666.9955406,27896,1574796188,880378007,navsat_link,2,1,40.666118188333336,-74.56369287333334,45.362,0.0012960000000000003,0.0,0.0,0.0,0.0018662400000000001,0.0,0.0,0.0,207.36,1
1593996667.2020822,27897,1574796189,87147951,navsat_link,2,1,40.66611759833334,-74.56369612,45.32,0.0012960000000000003,0.0,0.0,0.0,0.0017892900000000005,0.0,0.0,0.0,207.36,1
1593996667.4090416,27898,1574796189,289477109,navsat_link,2,1,40.66611715166667,-74.56369915333333,45.303000000000004,0.0012960000000000003,0.0,0.0,0.0,0.0017892900000000005,0.0,0.0,0.0,207.36,1
1593996667.5924852,27899,1574796189,477305889,navsat_link,2,1,40.66611674166667,-74.56370275833333,45.284,0.0012960000000000003,0.0,0.0,0.0,0.0017892900000000005,0.0,0.0,0.0,207.36,1
1593996667.7886238,27900,1574796189,673626899,navsat_link,2,1,40.666116215,-74.56370544,45.362,0.0012960000000000003,0.0,0.0,0.0,0.0017892900000000005,0.0,0.0,0.0,207.36,1
1593996667.9872324,27901,1574796189,871900081,navsat_link,2,1,40.66611588166667,-74.56370855,45.373,0.0012960000000000003,0.0,0.0,0.0,0.0017892900000000005,0.0,0.0,0.0,207.36,1
1593996668.1997743,27902,1574796190,84909915,navsat_link,2,1,40.66611539,-74.56371190833333,45.327000000000005,0.00136161,0.0,0.0,0.0,0.0018662400000000001,0.0,0.0,0.0,207.36,1
1593996668.3876548,27903,1574796190,272548913,navsat_link,2,1,40.66611524166667,-74.563714815,45.308,0.00136161,0.0,0.0,0.0,0.0018662400000000001,0.0,0.0,0.0,207.36,1
1593996668.596375,27904,1574796190,481297016,navsat_link,2,1,40.666115345,-74.56371743333334,45.342999999999996,0.00136161,0.0,0.0,0.0,0.0018662400000000001,0.0,0.0,0.0,207.36,1
1593996668.7963417,27905,1574796190,681184053,navsat_link,2,1,40.666115675,-74.56372074166667,45.36599999999999,0.00136161,0.0,0.0,0.0,0.0021068099999999998,0.0,0.0,0.0,207.36,1
1593996668.9948232,27906,1574796190,879831075,navsat_link,2,1,40.666115776666665,-74.56372376666667,45.404999999999994,0.0012960000000000003,0.0,0.0,0.0,0.0018662400000000001,0.0,0.0,0.0,207.36,1
1593996669.2065387,27907,1574796191,91967105,navsat_link,2,1,40.666116048333336,-74.56372611166667,45.397,0.0012960000000000003,0.0,0.0,0.0,0.0018662400000000001,0.0,0.0,0.0,207.36,1
1593996669.3970382,27908,1574796191,282321929,navsat_link,2,1,40.66611611,-74.563728085,45.404999999999994,0.0012960000000000003,0.0,0.0,0.0,0.0018662400000000001,0.0,0.0,0.0,207.36,1
1593996669.5913832,27909,1574796191,476958036,navsat_link,2,1,40.66611586333333,-74.56372998,45.368,0.0012960000000000003,0.0,0.0,0.0,0.0018662400000000001,0.0,0.0,0.0,207.36,1
1593996669.7894766,27910,1574796191,674416065,navsat_link,2,1,40.666115475,-74.56373279166667,45.35699999999999,0.0012960000000000003,0.0,0.0,0.0,0.0017892900000000005,0.0,0.0,0.0,207.36,1
1593996669.999242,27911,1574796191,884507894,navsat_link,2,1,40.66611523,-74.56373429166666,45.345000000000006,0.0012960000000000003,0.0,0.0,0.0,0.0017892900000000005,0.0,0.0,0.0,207.36,1
1593996670.2102828,27912,1574796192,95644950,navsat_link,2,1,40.666114781666664,-74.56373658166666,45.303999999999995,0.0012960000000000003,0.0,0.0,0.0,0.0017892900000000005,0.0,0.0,0.0,207.36,1
1593996670.3862672,27913,1574796192,271877050,navsat_link,2,1,40.666113825,-74.563738925,45.327999999999996,0.0012960000000000003,0.0,0.0,0.0,0.0017892900000000005,0.0,0.0,0.0,207.36,1
1593996670.5890913,27914,1574796192,474219083,navsat_link,2,1,40.666112391666665,-74.56374176666667,45.264,0.0012960000000000003,0.0,0.0,0.0,0.0017892900000000005,0.0,0.0,0.0,207.36,1
1593996670.7907329,27915,1574796192,676260948,navsat_link,2,1,40.66611145833333,-74.56374461166666,45.306999999999995,0.0012960000000000003,0.0,0.0,0.0,0.0018662400000000001,0.0,0.0,0.0,207.36,1
1593996670.9914691,27916,1574796192,876931905,navsat_link,2,1,40.666110395,-74.56374728166666,45.348000000000006,0.0012960000000000003,0.0,0.0,0.0,0.0018662400000000001,0.0,0.0,0.0,207.36,1
1593996671.204243,27917,1574796193,88917970,navsat_link,2,1,40.666110255,-74.56375043333334,45.564,0.0012960000000000003,0.0,0.0,0.0,0.0018662400000000001,0.0,0.0,0.0,207.36,1
1593996671.3939219,27918,1574796193,279154062,navsat_link,2,1,40.66610888,-74.56375234333333,45.583999999999996,0.0012960000000000003,0.0,0.0,0.0,0.0018662400000000001,0.0,0.0,0.0,207.36,1
1593996671.6008203,27919,1574796193,485682964,navsat_link,2,1,40.66610749666667,-74.563753955,45.440000000000005,0.0012960000000000003,0.0,0.0,0.0,0.0017892900000000005,0.0,0.0,0.0,207.36,1
1593996671.7958493,27920,1574796193,680959939,navsat_link,2,1,40.66610756,-74.56375764666667,45.364,0.00136161,0.0,0.0,0.0,0.00194481,0.0,0.0,0.0,207.36,1
1593996671.9915483,27921,1574796193,877016067,navsat_link,2,1,40.66610719166667,-74.56376068,45.348000000000006,0.00136161,0.0,0.0,0.0,0.0021068099999999998,0.0,0.0,0.0,207.36,1
1593996672.2228703,27922,1574796194,108094930,navsat_link,2,1,40.666106881666664,-74.56376409333333,45.296,0.0012960000000000003,0.0,0.0,0.0,0.0021068099999999998,0.0,0.0,0.0,207.36,1
1593996672.3878899,27923,1574796194,273128986,navsat_link,2,1,40.666107125,-74.563767465,45.239,0.0012960000000000003,0.0,0.0,0.0,0.0020250000000000003,0.0,0.0,0.0,207.36,1
1593996672.5949905,27924,1574796194,480551004,navsat_link,2,1,40.66610696,-74.56377023833333,45.273,0.0012960000000000003,0.0,0.0,0.0,0.00194481,0.0,0.0,0.0,207.36,1
1593996672.7886229,27925,1574796194,674197912,navsat_link,2,1,40.666106805,-74.56377299833333,45.315000000000005,0.0012960000000000003,0.0,0.0,0.0,0.00194481,0.0,0.0,0.0,207.36,1
1593996672.9938338,27926,1574796194,879498004,navsat_link,2,1,40.666106553333336,-74.56377643333333,45.288999999999994,0.0012960000000000003,0.0,0.0,0.0,0.00194481,0.0,0.0,0.0,207.36,1
1593996673.2011824,27927,1574796195,86446046,navsat_link,2,1,40.66610614333333,-74.56377944166667,45.300999999999995,0.00136161,0.0,0.0,0.0,0.00194481,0.0,0.0,0.0,207.36,1
1593996673.3964531,27928,1574796195,281588077,navsat_link,2,1,40.66610549833333,-74.56378262666667,45.278,0.00136161,0.0,0.0,0.0,0.00194481,0.0,0.0,0.0,207.36,1
1593996673.5815227,27929,1574796195,466689109,navsat_link,2,1,40.66610487,-74.56378590666667,45.294000000000004,0.0012960000000000003,0.0,0.0,0.0,0.0018662400000000001,0.0,0.0,0.0,207.36,1
1593996673.788098,27930,1574796195,673562049,navsat_link,2,1,40.66610403333333,-74.56378853,45.282000000000004,0.0012960000000000003,0.0,0.0,0.0,0.0018662400000000001,0.0,0.0,0.0,207.36,1
1593996673.9848456,27931,1574796195,870173931,navsat_link,2,1,40.666103283333335,-74.56379191333333,45.207,0.0012960000000000003,0.0,0.0,0.0,0.0018662400000000001,0.0,0.0,0.0,207.36,1
1593996674.187086,27932,1574796196,72515010,navsat_link,2,1,40.66610254333333,-74.56379466166666,45.252,0.0012960000000000003,0.0,0.0,0.0,0.0018662400000000001,0.0,0.0,0.0,207.36,1
1593996674.3814585,27933,1574796196,266700029,navsat_link,2,1,40.66610156,-74.56379774166666,45.25599999999999,0.0012960000000000003,0.0,0.0,0.0,0.0018662400000000001,0.0,0.0,0.0,207.36,1
1593996674.5869749,27934,1574796196,472182035,navsat_link,2,1,40.66610062,-74.56380072833333,45.23,0.0012960000000000003,0.0,0.0,0.0,0.0018662400000000001,0.0,0.0,0.0,207.36,1
1593996674.7894387,27935,1574796196,674776077,navsat_link,2,1,40.66609962166667,-74.56380362666667,45.216,0.0012960000000000003,0.0,0.0,0.0,0.0018662400000000001,0.0,0.0,0.0,207.36,1
1593996674.9843755,27936,1574796196,869074106,navsat_link,2,1,40.66609853166667,-74.56380674333333,45.273999999999994,0.0012960000000000003,0.0,0.0,0.0,0.0018662400000000001,0.0,0.0,0.0,207.36,1
1593996675.18799,27937,1574796197,73565006,navsat_link,2,1,40.66609776,-74.56380933666667,45.278,0.0012960000000000003,0.0,0.0,0.0,0.0018662400000000001,0.0,0.0,0.0,207.36,1
1593996675.3865993,27938,1574796197,271584033,navsat_link,2,1,40.666096745,-74.56381208666667,45.299,0.0012960000000000003,0.0,0.0,0.0,0.0018662400000000001,0.0,0.0,0.0,207.36,1
1593996675.5882108,27939,1574796197,473589897,navsat_link,2,1,40.66609556666667,-74.56381495,45.279999999999994,0.0012960000000000003,0.0,0.0,0.0,0.0018662400000000001,0.0,0.0,0.0,207.36,1
1593996675.7924707,27940,1574796197,677481889,navsat_link,2,1,40.66609465166667,-74.56381809666667,45.254,0.0012960000000000003,0.0,0.0,0.0,0.0018662400000000001,0.0,0.0,0.0,207.36,1
1593996675.985268,27941,1574796197,870750904,navsat_link,2,1,40.66609396,-74.56382114666667,45.309999999999995,0.0012960000000000003,0.0,0.0,0.0,0.0018662400000000001,0.0,0.0,0.0,207.36,1
1593996676.1955543,27942,1574796198,80455064,navsat_link,2,1,40.666093055,-74.563824135,45.279999999999994,0.0012960000000000003,0.0,0.0,0.0,0.0018662400000000001,0.0,0.0,0.0,207.36,1
1593996676.38542,27943,1574796198,270601987,navsat_link,2,1,40.666092485,-74.56382729,45.189,0.0012960000000000003,0.0,0.0,0.0,0.0018662400000000001,0.0,0.0,0.0,207.36,1
1593996676.594081,27944,1574796198,478523015,navsat_link,2,1,40.666092043333336,-74.563830495,45.279,0.00136161,0.0,0.0,0.0,0.0018662400000000001,0.0,0.0,0.0,207.36,1
1593996676.7931035,27945,1574796198,678376913,navsat_link,2,1,40.666091355,-74.56383372166667,45.335,0.00136161,0.0,0.0,0.0,0.0018662400000000001,0.0,0.0,0.0,207.36,1
1593996676.9950428,27946,1574796198,880439996,navsat_link,2,1,40.666090813333334,-74.56383663,45.317,0.00136161,0.0,0.0,0.0,0.0018662400000000001,0.0,0.0,0.0,207.36,1
1593996677.1936688,27947,1574796199,77440023,navsat_link,2,1,40.66609035333333,-74.56383971833333,45.266,0.00136161,0.0,0.0,0.0,0.0018662400000000001,0.0,0.0,0.0,207.36,1
1593996677.4050283,27948,1574796199,289962053,navsat_link,2,1,40.66608993166667,-74.56384309166667,45.202000000000005,0.0016810000000000002,0.0,0.0,0.0,0.002304,0.0,0.0,0.0,256.0,1
1593996677.5920784,27949,1574796199,477057933,navsat_link,2,1,40.666089246666665,-74.56384613666667,45.211999999999996,0.0016810000000000002,0.0,0.0,0.0,0.002304,0.0,0.0,0.0,256.0,1
1593996677.8039439,27950,1574796199,680752992,navsat_link,2,1,40.66608876,-74.563848705,45.248,0.0016,0.0,0.0,0.0,0.002304,0.0,0.0,0.0,256.0,1
1593996677.988536,27951,1574796199,873339891,navsat_link,2,1,40.666088056666666,-74.56385181333333,45.288999999999994,0.0016,0.0,0.0,0.0,0.002304,0.0,0.0,0.0,256.0,1
1593996678.2002091,27952,1574796200,85251092,navsat_link,2,1,40.66608714833333,-74.563854925,45.25599999999999,0.0016,0.0,0.0,0.0,0.002304,0.0,0.0,0.0,256.0,1
1593996678.417806,27953,1574796200,302534103,navsat_link,2,1,40.66608626666667,-74.56385799333333,45.288999999999994,0.0012960000000000003,0.0,0.0,0.0,0.0018662400000000001,0.0,0.0,0.0,207.36,1
1593996678.5938172,27954,1574796200,478905916,navsat_link,2,1,40.666085181666666,-74.563860975,45.323,0.0012960000000000003,0.0,0.0,0.0,0.0018662400000000001,0.0,0.0,0.0,207.36,1
1593996678.799703,27955,1574796200,684127092,navsat_link,2,1,40.66608428166667,-74.56386395666667,45.257,0.0012960000000000003,0.0,0.0,0.0,0.0018662400000000001,0.0,0.0,0.0,207.36,1
1593996678.993596,27956,1574796200,877557039,navsat_link,2,1,40.66608333833334,-74.56386688,45.276,0.0012960000000000003,0.0,0.0,0.0,0.0018662400000000001,0.0,0.0,0.0,207.36,1
1593996679.190348,27957,1574796201,75210094,navsat_link,2,1,40.66608256666667,-74.56386985166667,45.257,0.0012960000000000003,0.0,0.0,0.0,0.0018662400000000001,0.0,0.0,0.0,207.36,1
1593996679.436943,27958,1574796201,322273015,navsat_link,2,1,40.66608155833333,-74.563872945,45.287,0.0012960000000000003,0.0,0.0,0.0,0.0018662400000000001,0.0,0.0,0.0,207.36,1
1593996679.5922039,27959,1574796201,477591037,navsat_link,2,1,40.66608068833333,-74.56387596833333,45.25599999999999,0.0012960000000000003,0.0,0.0,0.0,0.0018662400000000001,0.0,0.0,0.0,207.36,1
1593996679.7893515,27960,1574796201,674566030,navsat_link,2,1,40.666079706666665,-74.56387884333333,45.231,0.0012960000000000003,0.0,0.0,0.0,0.0018662400000000001,0.0,0.0,0.0,207.36,1
1593996679.9964857,27961,1574796201,881688117,navsat_link,2,1,40.666078721666665,-74.56388144333333,45.276999999999994,0.0012960000000000003,0.0,0.0,0.0,0.0018662400000000001,0.0,0.0,0.0,207.36,1
1593996680.1934245,27962,1574796202,78628063,navsat_link,2,1,40.666077451666666,-74.56388400833333,45.264,0.0012960000000000003,0.0,0.0,0.0,0.0018662400000000001,0.0,0.0,0.0,207.36,1
1593996680.3947265,27963,1574796202,279633998,navsat_link,2,1,40.66607616333334,-74.56388659333334,45.294999999999995,0.0012960000000000003,0.0,0.0,0.0,0.0018662400000000001,0.0,0.0,0.0,207.36,1
1593996680.5911865,27964,1574796202,476656913,navsat_link,2,1,40.66607471166667,-74.563889245,45.246,0.0012960000000000003,0.0,0.0,0.0,0.0018662400000000001,0.0,0.0,0.0,207.36,1
1593996680.7887597,27965,1574796202,673721075,navsat_link,2,1,40.666072945,-74.56389175166667,45.236,0.0012960000000000003,0.0,0.0,0.0,0.0018662400000000001,0.0,0.0,0.0,207.36,1
1593996680.991472,27966,1574796202,877041101,navsat_link,2,1,40.666071566666666,-74.56389407166667,45.21,0.0012960000000000003,0.0,0.0,0.0,0.0018662400000000001,0.0,0.0,0.0,207.36,1
1593996681.1860075,27967,1574796203,71371078,navsat_link,2,1,40.66607004833333,-74.56389672166667,45.23,0.0012960000000000003,0.0,0.0,0.0,0.0018662400000000001,0.0,0.0,0.0,207.36,1
1593996681.3995874,27968,1574796203,284882068,navsat_link,2,1,40.66606872166667,-74.56389938833334,45.23799999999999,0.0012960000000000003,0.0,0.0,0.0,0.0018662400000000001,0.0,0.0,0.0,207.36,1
1593996681.5955725,27969,1574796203,481013059,navsat_link,2,1,40.66606741166667,-74.563902195,45.207,0.0012960000000000003,0.0,0.0,0.0,0.0018662400000000001,0.0,0.0,0.0,207.36,1
1593996681.791278,27970,1574796203,676795959,navsat_link,2,1,40.66606636,-74.56390430666667,45.21,0.0012960000000000003,0.0,0.0,0.0,0.0018662400000000001,0.0,0.0,0.0,207.36,1
1593996681.993185,27971,1574796203,878588914,navsat_link,2,1,40.66606488,-74.56390696166666,45.216,0.0012960000000000003,0.0,0.0,0.0,0.0018662400000000001,0.0,0.0,0.0,207.36,1
1593996682.2015057,27972,1574796204,86858034,navsat_link,2,1,40.666063478333335,-74.56390945,45.25899999999999,0.0012960000000000003,0.0,0.0,0.0,0.0018662400000000001,0.0,0.0,0.0,207.36,1
1593996682.4025443,27973,1574796204,288099050,navsat_link,2,1,40.66606241,-74.56391202166667,45.262,0.0012960000000000003,0.0,0.0,0.0,0.0018662400000000001,0.0,0.0,0.0,207.36,1
1593996682.5952582,27974,1574796204,480861902,navsat_link,2,1,40.66606148666666,-74.563914525,45.272000000000006,0.00136161,0.0,0.0,0.0,0.0020250000000000003,0.0,0.0,0.0,0.005184000000000001,1
1593996682.7969954,27975,1574796204,682013034,navsat_link,2,1,40.666060746666666,-74.56391721166666,45.285,9.800999999999998e-05,0.0,0.0,0.0,9.800999999999998e-05,0.0,0.0,0.0,0.005184000000000001,1
1593996682.9978933,27976,1574796204,882797956,navsat_link,2,1,40.66605990666667,-74.563920145,45.285,8.100000000000002e-05,0.0,0.0,0.0,8.100000000000002e-05,0.0,0.0,0.0,0.005184000000000001,1
1593996683.191976,27977,1574796205,77078104,navsat_link,2,1,40.66605869833333,-74.563923305,45.251000000000005,6.560999999999999e-05,0.0,0.0,0.0,6.560999999999999e-05,0.0,0.0,0.0,207.36,1
1593996683.3943694,27978,1574796205,279539108,navsat_link,2,1,40.66605835166666,-74.56392610833333,45.242000000000004,0.0012960000000000003,0.0,0.0,0.0,0.0018662400000000001,0.0,0.0,0.0,0.005184000000000001,1
1593996683.587978,27979,1574796205,473082065,navsat_link,2,1,40.666057431666665,-74.56392911666667,45.337,6.560999999999999e-05,0.0,0.0,0.0,5.184000000000001e-05,0.0,0.0,0.0,0.005184000000000001,1
1593996683.8007214,27980,1574796205,686057090,navsat_link,2,1,40.66605663,-74.56393215666667,45.361000000000004,6.560999999999999e-05,0.0,0.0,0.0,6.560999999999999e-05,0.0,0.0,0.0,0.005184000000000001,1
1593996683.9894326,27981,1574796205,874747991,navsat_link,2,1,40.66605562833333,-74.56393478833333,45.415000000000006,8.100000000000002e-05,0.0,0.0,0.0,6.560999999999999e-05,0.0,0.0,0.0,0.005184000000000001,1
1593996684.1983292,27982,1574796206,83751916,navsat_link,2,1,40.66605497166667,-74.56393800166667,45.403000000000006,6.560999999999999e-05,0.0,0.0,0.0,5.184000000000001e-05,0.0,0.0,0.0,0.005184000000000001,1
1593996684.3991554,27983,1574796206,284425973,navsat_link,2,1,40.666053605,-74.56394044833333,45.385999999999996,5.184000000000001e-05,0.0,0.0,0.0,5.184000000000001e-05,0.0,0.0,0.0,207.36,1
1593996684.5872805,27984,1574796206,472825050,navsat_link,2,1,40.666052318333335,-74.563942765,45.381,0.00136161,0.0,0.0,0.0,0.0018662400000000001,0.0,0.0,0.0,207.36,1
1593996684.789201,27985,1574796206,674418926,navsat_link,2,1,40.66605128,-74.56394563666667,45.363,0.0016,0.0,0.0,0.0,0.002304,0.0,0.0,0.0,256.0,1
1593996684.9917488,27986,1574796206,876832962,navsat_link,2,1,40.66604986833333,-74.56394834,45.33200000000001,0.0016,0.0,0.0,0.0,0.002304,0.0,0.0,0.0,256.0,1
1593996685.1844594,27987,1574796207,69789886,navsat_link,2,1,40.66604850666667,-74.56395104166667,45.33,0.0016,0.0,0.0,0.0,0.002304,0.0,0.0,0.0,256.0,1
1593996685.389771,27988,1574796207,275305986,navsat_link,2,1,40.66604702833333,-74.56395339333334,45.33800000000001,0.0016,0.0,0.0,0.0,0.002304,0.0,0.0,0.0,256.0,1
1593996685.597687,27989,1574796207,483150959,navsat_link,2,1,40.66604561166667,-74.56395594333334,45.349999999999994,0.0016,0.0,0.0,0.0,0.002304,0.0,0.0,0.0,256.0,1
1593996685.7884781,27990,1574796207,673861980,navsat_link,2,1,40.666044283333335,-74.56395869666666,45.352000000000004,0.0016,0.0,0.0,0.0,0.002304,0.0,0.0,0.0,256.0,1
1593996685.9961414,27991,1574796207,879852056,navsat_link,2,1,40.66604298166666,-74.56396125,45.378,0.0012960000000000003,0.0,0.0,0.0,0.0018662400000000001,0.0,0.0,0.0,207.36,1
1593996686.1925814,27992,1574796208,78099012,navsat_link,2,1,40.66604153,-74.563964,45.400000000000006,0.0012960000000000003,0.0,0.0,0.0,0.0018662400000000001,0.0,0.0,0.0,207.36,1
1593996686.3903217,27993,1574796208,275572061,navsat_link,2,1,40.66604027333333,-74.56396669666667,45.393,0.0012960000000000003,0.0,0.0,0.0,0.0018662400000000001,0.0,0.0,0.0,207.36,1
1593996686.613341,27994,1574796208,498878955,navsat_link,2,1,40.666039033333334,-74.56396933833334,45.425,0.0012960000000000003,0.0,0.0,0.0,0.0018662400000000001,0.0,0.0,0.0,207.36,1
1593996686.795541,27995,1574796208,681093931,navsat_link,2,1,40.666038023333336,-74.56397237333333,45.388000000000005,0.0012960000000000003,0.0,0.0,0.0,0.0018662400000000001,0.0,0.0,0.0,207.36,1
1593996687.002994,27996,1574796208,888410091,navsat_link,2,1,40.666037038333336,-74.56397547833333,45.417,0.0012960000000000003,0.0,0.0,0.0,0.0018662400000000001,0.0,0.0,0.0,207.36,1
1593996687.1886916,27997,1574796209,74006080,navsat_link,2,1,40.666036176666665,-74.56397853,45.434,0.0012960000000000003,0.0,0.0,0.0,0.0018662400000000001,0.0,0.0,0.0,207.36,1
1593996687.3944542,27998,1574796209,279683113,navsat_link,2,1,40.66603513,-74.56398174166667,45.43600000000001,0.0012960000000000003,0.0,0.0,0.0,0.0018662400000000001,0.0,0.0,0.0,207.36,1
1593996687.6182573,27999,1574796209,503349065,navsat_link,2,1,40.66603420166667,-74.563984555,45.441,0.0012960000000000003,0.0,0.0,0.0,0.0018662400000000001,0.0,0.0,0.0,207.36,1
1593996687.7964494,28000,1574796209,681610107,navsat_link,2,1,40.66603341166667,-74.56398745833333,45.45100000000001,0.0012960000000000003,0.0,0.0,0.0,0.0018662400000000001,0.0,0.0,0.0,207.36,1
1593996687.9990811,28001,1574796209,883368015,navsat_link,2,1,40.66603224333333,-74.56399041833333,45.46900000000001,0.0012960000000000003,0.0,0.0,0.0,0.0018662400000000001,0.0,0.0,0.0,207.36,1
1593996688.205648,28002,1574796210,91140985,navsat_link,2,1,40.666031456666666,-74.56399310333333,45.477000000000004,0.0012960000000000003,0.0,0.0,0.0,0.0018662400000000001,0.0,0.0,0.0,207.36,1
1593996688.4006329,28003,1574796210,285612106,navsat_link,2,1,40.666030463333335,-74.56399602333333,45.483000000000004,0.0012960000000000003,0.0,0.0,0.0,0.0018662400000000001,0.0,0.0,0.0,207.36,1
1593996688.6373646,28004,1574796210,522258996,navsat_link,2,1,40.66602918666667,-74.56399882833334,45.453,0.0012960000000000003,0.0,0.0,0.0,0.0018662400000000001,0.0,0.0,0.0,207.36,1
1593996688.798115,28005,1574796210,683274030,navsat_link,2,1,40.666027935,-74.56400152666667,45.45400000000001,0.0012960000000000003,0.0,0.0,0.0,0.0018662400000000001,0.0,0.0,0.0,207.36,1
1593996688.9920537,28006,1574796210,877099037,navsat_link,2,1,40.66602664166667,-74.56400421333333,45.45,0.0012960000000000003,0.0,0.0,0.0,0.00194481,0.0,0.0,0.0,207.36,1
1593996689.1865315,28007,1574796211,71711063,navsat_link,2,1,40.66602552333333,-74.56400672166667,45.486999999999995,0.0012960000000000003,0.0,0.0,0.0,0.0020250000000000003,0.0,0.0,0.0,207.36,1
1593996689.4013186,28008,1574796211,278350114,navsat_link,2,1,40.66602396333333,-74.56400947666667,45.495999999999995,0.0012960000000000003,0.0,0.0,0.0,0.00194481,0.0,0.0,0.0,207.36,1
1593996689.6088722,28009,1574796211,493921995,navsat_link,2,1,40.66602299833333,-74.56401234333333,45.477000000000004,0.0012960000000000003,0.0,0.0,0.0,0.0018662400000000001,0.0,0.0,0.0,207.36,1
1593996689.799456,28010,1574796211,684782028,navsat_link,2,1,40.66602189333334,-74.56401515833333,45.489000000000004,0.0012960000000000003,0.0,0.0,0.0,0.0018662400000000001,0.0,0.0,0.0,207.36,1
1593996689.984126,28011,1574796211,869256973,navsat_link,2,1,40.66602111833333,-74.56401817166666,45.459,0.0012960000000000003,0.0,0.0,0.0,0.0018662400000000001,0.0,0.0,0.0,207.36,1
1593996690.1921356,28012,1574796212,77289104,navsat_link,2,1,40.66602032,-74.56402114166667,45.495000000000005,0.0012960000000000003,0.0,0.0,0.0,0.0018662400000000001,0.0,0.0,0.0,207.36,1
1593996690.3915567,28013,1574796212,276987075,navsat_link,2,1,40.666019506666665,-74.56402431,45.507000000000005,0.0012960000000000003,0.0,0.0,0.0,0.0018662400000000001,0.0,0.0,0.0,207.36,1
1593996690.6196964,28014,1574796212,504420995,navsat_link,2,1,40.66601922,-74.56402624166667,45.509,0.0012960000000000003,0.0,0.0,0.0,0.0018662400000000001,0.0,0.0,0.0,207.36,1
1593996690.7983181,28015,1574796212,683198928,navsat_link,2,1,40.666018216666664,-74.564028545,45.503,0.0012960000000000003,0.0,0.0,0.0,0.0018662400000000001,0.0,0.0,0.0,207.36,1
1593996690.9983563,28016,1574796212,883578062,navsat_link,2,1,40.666016596666665,-74.56403132666667,45.55200000000001,0.0012960000000000003,0.0,0.0,0.0,0.0018662400000000001,0.0,0.0,0.0,207.36,1
1593996691.1977632,28017,1574796213,82354068,navsat_link,2,1,40.66601548,-74.56403403333333,45.528999999999996,0.0012960000000000003,0.0,0.0,0.0,0.0018662400000000001,0.0,0.0,0.0,207.36,1
1593996691.398572,28018,1574796213,283545970,navsat_link,2,1,40.666014265,-74.56403644166667,45.595,0.0012960000000000003,0.0,0.0,0.0,0.0018662400000000001,0.0,0.0,0.0,207.36,1
1593996691.6240942,28019,1574796213,501812934,navsat_link,2,1,40.666013121666666,-74.56403903,45.634,0.00136161,0.0,0.0,0.0,0.0018662400000000001,0.0,0.0,0.0,207.36,1
1593996691.8001065,28020,1574796213,685313940,navsat_link,2,1,40.66601176333333,-74.564041685,45.604,0.0012960000000000003,0.0,0.0,0.0,0.0018662400000000001,0.0,0.0,0.0,207.36,1
1593996691.9989264,28021,1574796213,883985996,navsat_link,2,1,40.66601060166667,-74.56404520833334,45.554,0.0012960000000000003,0.0,0.0,0.0,0.0018662400000000001,0.0,0.0,0.0,207.36,1
1593996692.2110357,28022,1574796214,95536947,navsat_link,2,1,40.66600953,-74.56404788666667,45.58500000000001,0.0012960000000000003,0.0,0.0,0.0,0.00194481,0.0,0.0,0.0,207.36,1
1593996692.3952074,28023,1574796214,280858993,navsat_link,2,1,40.66600829666667,-74.564050805,45.56400000000001,0.0012960000000000003,0.0,0.0,0.0,0.00194481,0.0,0.0,0.0,207.36,1
1593996692.601941,28024,1574796214,487044095,navsat_link,2,1,40.66600696333333,-74.564053415,45.587,0.0012960000000000003,0.0,0.0,0.0,0.00194481,0.0,0.0,0.0,207.36,1
1593996692.810646,28025,1574796214,695439100,navsat_link,2,1,40.666005743333336,-74.56405651333333,45.599000000000004,0.0012960000000000003,0.0,0.0,0.0,0.0018662400000000001,0.0,0.0,0.0,207.36,1
1593996692.9960377,28026,1574796214,881278991,navsat_link,2,1,40.666004441666665,-74.56405929,45.56400000000001,0.0012960000000000003,0.0,0.0,0.0,0.0018662400000000001,0.0,0.0,0.0,207.36,1
1593996693.195657,28027,1574796215,80881118,navsat_link,2,1,40.66600332,-74.56406177666666,45.562,0.0012960000000000003,0.0,0.0,0.0,0.0018662400000000001,0.0,0.0,0.0,207.36,1
1593996693.3927646,28028,1574796215,276716947,navsat_link,2,1,40.6660021,-74.56406452833333,45.54900000000001,0.0012960000000000003,0.0,0.0,0.0,0.0018662400000000001,0.0,0.0,0.0,207.36,1
1593996693.5916505,28029,1574796215,476887941,navsat_link,2,1,40.66600099,-74.56406738333334,45.539,0.0012960000000000003,0.0,0.0,0.0,0.0018662400000000001,0.0,0.0,0.0,207.36,1
1593996693.7929075,28030,1574796215,678359985,navsat_link,2,1,40.665999643333336,-74.56407003833333,45.544,0.0012960000000000003,0.0,0.0,0.0,0.0018662400000000001,0.0,0.0,0.0,207.36,1
1593996694.0032573,28031,1574796215,888428926,navsat_link,2,1,40.665998308333336,-74.56407249666667,45.632999999999996,0.0012960000000000003,0.0,0.0,0.0,0.0018662400000000001,0.0,0.0,0.0,207.36,1
1593996694.1968424,28032,1574796216,82421064,navsat_link,2,1,40.66599705,-74.56407538833334,45.656000000000006,0.0012960000000000003,0.0,0.0,0.0,0.0018662400000000001,0.0,0.0,0.0,207.36,1
1593996694.3977914,28033,1574796216,282875061,navsat_link,2,1,40.665996345,-74.564077455,45.67700000000001,0.0012960000000000003,0.0,0.0,0.0,0.0018662400000000001,0.0,0.0,0.0,207.36,1
1593996694.5940135,28034,1574796216,479660987,navsat_link,2,1,40.665995693333336,-74.56408002,45.619,0.0012960000000000003,0.0,0.0,0.0,0.0018662400000000001,0.0,0.0,0.0,207.36,1
1593996694.7969003,28035,1574796216,682243108,navsat_link,2,1,40.66599504333333,-74.56408162166667,45.578,0.0012960000000000003,0.0,0.0,0.0,0.0018662400000000001,0.0,0.0,0.0,207.36,1
1593996694.992755,28036,1574796216,878212928,navsat_link,2,1,40.665994405,-74.56408344333333,45.626999999999995,0.0012960000000000003,0.0,0.0,0.0,0.0018662400000000001,0.0,0.0,0.0,207.36,1
1593996695.1905518,28037,1574796217,76008081,navsat_link,2,1,40.66599389333334,-74.56408643166667,45.58200000000001,0.0012960000000000003,0.0,0.0,0.0,0.0018662400000000001,0.0,0.0,0.0,207.36,1
1593996695.3885128,28038,1574796217,273746013,navsat_link,2,1,40.665993255,-74.56408970833333,45.644999999999996,0.0012960000000000003,0.0,0.0,0.0,0.0018662400000000001,0.0,0.0,0.0,207.36,1
1593996695.5949862,28039,1574796217,480642080,navsat_link,2,1,40.66599261,-74.56409222166667,45.657,0.0012960000000000003,0.0,0.0,0.0,0.0018662400000000001,0.0,0.0,0.0,207.36,1
1593996695.8020236,28040,1574796217,687146902,navsat_link,2,1,40.66599219,-74.56409541833334,45.71000000000001,0.0012960000000000003,0.0,0.0,0.0,0.00194481,0.0,0.0,0.0,207.36,1
1593996695.9916465,28041,1574796217,876914978,navsat_link,2,1,40.6659919,-74.564098925,45.745999999999995,0.0012960000000000003,0.0,0.0,0.0,0.00194481,0.0,0.0,0.0,207.36,1
1593996696.2019255,28042,1574796218,87186098,navsat_link,2,1,40.66599122666667,-74.56410178666667,45.769999999999996,0.0012960000000000003,0.0,0.0,0.0,0.00194481,0.0,0.0,0.0,207.36,1
1593996696.3858242,28043,1574796218,271248102,navsat_link,2,1,40.66599070666667,-74.564104445,45.762,0.00136161,0.0,0.0,0.0,0.00194481,0.0,0.0,0.0,207.36,1
1593996696.585637,28044,1574796218,471091032,navsat_link,2,1,40.66599011666667,-74.564106875,45.723,0.0012960000000000003,0.0,0.0,0.0,0.0018662400000000001,0.0,0.0,0.0,207.36,1
1593996696.8062706,28045,1574796218,691541910,navsat_link,2,1,40.665989751666665,-74.56410879,45.751999999999995,0.0012960000000000003,0.0,0.0,0.0,0.0018662400000000001,0.0,0.0,0.0,207.36,1
1593996696.9950142,28046,1574796218,880415916,navsat_link,2,1,40.66598877,-74.56411085333333,45.809,0.00136161,0.0,0.0,0.0,0.0018662400000000001,0.0,0.0,0.0,207.36,1
1593996697.1847248,28047,1574796219,70108890,navsat_link,2,1,40.66598728666666,-74.56411341666667,45.82300000000001,0.0012960000000000003,0.0,0.0,0.0,0.0018662400000000001,0.0,0.0,0.0,207.36,1
1593996697.39176,28048,1574796219,277465105,navsat_link,2,1,40.66598636333333,-74.564116045,45.813,0.0015681599999999996,0.0,0.0,0.0,0.00254016,0.0,0.0,0.0,207.36,1
1593996697.591808,28049,1574796219,477125883,navsat_link,2,1,40.66598498166667,-74.56411859166667,45.80800000000001,0.0012960000000000003,0.0,0.0,0.0,0.00194481,0.0,0.0,0.0,207.36,1
1593996697.800097,28050,1574796219,685388088,navsat_link,2,1,40.66598365,-74.56412142333333,45.836,0.0012960000000000003,0.0,0.0,0.0,0.00194481,0.0,0.0,0.0,207.36,1
1593996697.9883378,28051,1574796219,872682094,navsat_link,2,1,40.665982398333334,-74.5641243,45.754000000000005,0.0012960000000000003,0.0,0.0,0.0,0.0018662400000000001,0.0,0.0,0.0,207.36,1
1593996698.1971326,28052,1574796220,82587003,navsat_link,2,1,40.665981271666666,-74.56412674833334,45.828,0.0012960000000000003,0.0,0.0,0.0,0.0018662400000000001,0.0,0.0,0.0,207.36,1
1593996698.3956707,28053,1574796220,281128883,navsat_link,2,1,40.66597993333333,-74.56412948666667,45.888000000000005,0.0012960000000000003,0.0,0.0,0.0,0.0018662400000000001,0.0,0.0,0.0,207.36,1
1593996698.5961764,28054,1574796220,481638908,navsat_link,2,1,40.665978986666666,-74.56413167,45.885999999999996,0.0012960000000000003,0.0,0.0,0.0,0.0018662400000000001,0.0,0.0,0.0,207.36,1
1593996698.801118,28055,1574796220,686337947,navsat_link,2,1,40.665977688333335,-74.56413450333334,45.882000000000005,0.0012960000000000003,0.0,0.0,0.0,0.0018662400000000001,0.0,0.0,0.0,207.36,1
1593996698.9903011,28056,1574796220,875510931,navsat_link,2,1,40.665976395,-74.56413709333333,45.775000000000006,0.0012960000000000003,0.0,0.0,0.0,0.0017892900000000005,0.0,0.0,0.0,207.36,1
1593996699.1869383,28057,1574796221,71561098,navsat_link,2,1,40.66597513833333,-74.56413961333334,45.807,0.00136161,0.0,0.0,0.0,0.0018662400000000001,0.0,0.0,0.0,207.36,1
1593996699.3880167,28058,1574796221,273452043,navsat_link,2,1,40.66597418,-74.5641423,45.882999999999996,0.0012960000000000003,0.0,0.0,0.0,0.0017892900000000005,0.0,0.0,0.0,207.36,1
1593996699.595472,28059,1574796221,480478048,navsat_link,2,1,40.665972726666666,-74.564144845,45.845,0.0012960000000000003,0.0,0.0,0.0,0.0017892900000000005,0.0,0.0,0.0,207.36,1
1593996699.807559,28060,1574796221,692766904,navsat_link,2,1,40.665971576666664,-74.56414787666667,45.894000000000005,0.0012960000000000003,0.0,0.0,0.0,0.0018662400000000001,0.0,0.0,0.0,207.36,1
1593996699.9872365,28061,1574796221,872477054,navsat_link,2,1,40.66597053666667,-74.56415097166666,46.019000000000005,0.0015681599999999996,0.0,0.0,0.0,0.0018662400000000001,0.0,0.0,0.0,207.36,1
1593996700.1941156,28062,1574796222,78361034,navsat_link,2,1,40.665969475,-74.56415384833333,46.053,0.0015681599999999996,0.0,0.0,0.0,0.0018662400000000001,0.0,0.0,0.0,207.36,1
1593996700.3981512,28063,1574796222,282131910,navsat_link,2,1,40.665968335,-74.56415676166667,46.063,0.0014976899999999999,0.0,0.0,0.0,0.0018662400000000001,0.0,0.0,0.0,207.36,1
1593996700.5855954,28064,1574796222,471040010,navsat_link,2,1,40.66596708,-74.56415959166667,45.971000000000004,0.0014976899999999999,0.0,0.0,0.0,0.0018662400000000001,0.0,0.0,0.0,207.36,1
1593996700.801725,28065,1574796222,687105894,navsat_link,2,1,40.665965745,-74.56416203333333,46.016000000000005,0.00136161,0.0,0.0,0.0,0.0018662400000000001,0.0,0.0,0.0,207.36,1
1593996700.9905217,28066,1574796222,875715970,navsat_link,2,1,40.665964458333335,-74.56416463833334,46.054,0.00142884,0.0,0.0,0.0,0.0018662400000000001,0.0,0.0,0.0,207.36,1
1593996701.1985152,28067,1574796223,83545923,navsat_link,2,1,40.6659633,-74.56416717333333,46.111999999999995,0.00142884,0.0,0.0,0.0,0.0018662400000000001,0.0,0.0,0.0,207.36,1
1593996701.39333,28068,1574796223,278558015,navsat_link,2,1,40.665961845,-74.56416984833334,46.022999999999996,0.00136161,0.0,0.0,0.0,0.0018662400000000001,0.0,0.0,0.0,207.36,1
1593996701.5884576,28069,1574796223,473700046,navsat_link,2,1,40.66596035333333,-74.56417226666667,46.05200000000001,0.00136161,0.0,0.0,0.0,0.0017892900000000005,0.0,0.0,0.0,207.36,1
1593996701.814987,28070,1574796223,699383974,navsat_link,2,1,40.66595849833333,-74.56417486,46.012,0.00136161,0.0,0.0,0.0,0.0017892900000000005,0.0,0.0,0.0,207.36,1
1593996701.989597,28071,1574796223,874696016,navsat_link,2,1,40.665956985,-74.56417713666667,46.04600000000001,0.00136161,0.0,0.0,0.0,0.0017892900000000005,0.0,0.0,0.0,207.36,1
1593996702.1893349,28072,1574796224,74680089,navsat_link,2,1,40.6659556,-74.564179565,46.09100000000001,0.00136161,0.0,0.0,0.0,0.0018662400000000001,0.0,0.0,0.0,207.36,1
1593996702.38008,28073,1574796224,265467882,navsat_link,2,1,40.66595414333333,-74.56418138166667,46.125,0.00136161,0.0,0.0,0.0,0.0017892900000000005,0.0,0.0,0.0,207.36,1
1593996702.5929232,28074,1574796224,477418899,navsat_link,2,1,40.66595310333334,-74.56418367166667,46.114999999999995,0.00136161,0.0,0.0,0.0,0.0018662400000000001,0.0,0.0,0.0,207.36,1
1593996702.7890093,28075,1574796224,674181938,navsat_link,2,1,40.665951938333336,-74.56418623333333,46.193,0.00136161,0.0,0.0,0.0,0.0017892900000000005,0.0,0.0,0.0,207.36,1
1593996702.9912999,28076,1574796224,876444101,navsat_link,2,1,40.665950671666664,-74.56418909333334,46.123999999999995,0.0012960000000000003,0.0,0.0,0.0,0.0017892900000000005,0.0,0.0,0.0,207.36,1
1593996703.1853538,28077,1574796225,70494890,navsat_link,2,1,40.66594949666667,-74.56419144,46.197,0.0012960000000000003,0.0,0.0,0.0,0.0017892900000000005,0.0,0.0,0.0,207.36,1
1593996703.3862853,28078,1574796225,271589040,navsat_link,2,1,40.665948033333336,-74.56419435166667,46.141999999999996,0.00136161,0.0,0.0,0.0,0.0017892900000000005,0.0,0.0,0.0,207.36,1
1593996703.5910926,28079,1574796225,476222991,navsat_link,2,1,40.665946573333336,-74.56419657166667,46.2,0.00136161,0.0,0.0,0.0,0.0018662400000000001,0.0,0.0,0.0,207.36,1
1593996703.7827988,28080,1574796225,668302059,navsat_link,2,1,40.66594489166667,-74.56419910666666,46.21000000000001,0.00136161,0.0,0.0,0.0,0.0018662400000000001,0.0,0.0,0.0,207.36,1
1593996703.9909863,28081,1574796225,876295089,navsat_link,2,1,40.665943305,-74.56420118,46.147999999999996,0.00136161,0.0,0.0,0.0,0.0018662400000000001,0.0,0.0,0.0,207.36,1
1593996704.1951613,28082,1574796226,80409049,navsat_link,2,1,40.66594250833333,-74.56420345833334,46.166,0.00136161,0.0,0.0,0.0,0.0018662400000000001,0.0,0.0,0.0,207.36,1
1593996704.3820279,28083,1574796226,267370939,navsat_link,2,1,40.66594173833333,-74.56420440833334,46.218,0.00136161,0.0,0.0,0.0,0.0020250000000000003,0.0,0.0,0.0,207.36,1
1593996704.584596,28084,1574796226,469693899,navsat_link,2,1,40.665941345,-74.56420659166666,46.178,0.00136161,0.0,0.0,0.0,0.0020250000000000003,0.0,0.0,0.0,207.36,1
1593996704.7823424,28085,1574796226,667830944,navsat_link,2,1,40.66594044833333,-74.56420915166666,46.19800000000001,0.00136161,0.0,0.0,0.0,0.0018662400000000001,0.0,0.0,0.0,207.36,1
1593996704.9863915,28086,1574796226,871752023,navsat_link,2,1,40.665939376666664,-74.56421205666666,46.239999999999995,0.00136161,0.0,0.0,0.0,0.0018662400000000001,0.0,0.0,0.0,207.36,1
1593996705.1863554,28087,1574796227,71897983,navsat_link,2,1,40.66593821666667,-74.56421487666667,46.283,0.00136161,0.0,0.0,0.0,0.0018662400000000001,0.0,0.0,0.0,207.36,1
1593996705.3925533,28088,1574796227,277615070,navsat_link,2,1,40.665937531666664,-74.56421813333333,46.20700000000001,0.00136161,0.0,0.0,0.0,0.0018662400000000001,0.0,0.0,0.0,207.36,1
1593996705.5822666,28089,1574796227,467685937,navsat_link,2,1,40.66593652,-74.56422118666667,46.150999999999996,0.0012960000000000003,0.0,0.0,0.0,0.0018662400000000001,0.0,0.0,0.0,207.36,1
1593996705.78483,28090,1574796227,670171976,navsat_link,2,1,40.665935393333335,-74.56422395666667,46.224999999999994,0.0012960000000000003,0.0,0.0,0.0,0.0018662400000000001,0.0,0.0,0.0,207.36,1
1593996705.989944,28091,1574796227,875490903,navsat_link,2,1,40.66593484,-74.564225885,46.224000000000004,0.0012960000000000003,0.0,0.0,0.0,0.0018662400000000001,0.0,0.0,0.0,207.36,1
1593996706.188288,28092,1574796228,73676109,navsat_link,2,1,40.6659336,-74.56422715333333,46.266999999999996,0.00136161,0.0,0.0,0.0,0.0018662400000000001,0.0,0.0,0.0,207.36,1
1593996706.3826709,28093,1574796228,268023967,navsat_link,2,1,40.66593209166667,-74.56422973,46.236999999999995,0.0012960000000000003,0.0,0.0,0.0,0.0017892900000000005,0.0,0.0,0.0,207.36,1
1593996706.5878968,28094,1574796228,473504066,navsat_link,2,1,40.665930466666666,-74.56423183833333,46.266000000000005,0.00136161,0.0,0.0,0.0,0.0018662400000000001,0.0,0.0,0.0,207.36,1
1593996706.794562,28095,1574796228,679358005,navsat_link,2,1,40.665929221666666,-74.56423564166667,46.107,0.00136161,0.0,0.0,0.0,0.0018662400000000001,0.0,0.0,0.0,207.36,1
1593996707.0083501,28096,1574796228,893347024,navsat_link,2,1,40.66592743333333,-74.56423768333333,46.159000000000006,0.0012960000000000003,0.0,0.0,0.0,0.00194481,0.0,0.0,0.0,207.36,1
1593996707.1961424,28097,1574796229,81248044,navsat_link,2,1,40.66592598,-74.56423985,46.155,0.0012960000000000003,0.0,0.0,0.0,0.00194481,0.0,0.0,0.0,207.36,1
1593996707.3859916,28098,1574796229,271473884,navsat_link,2,1,40.66592454166667,-74.56424263166667,46.153999999999996,0.0012960000000000003,0.0,0.0,0.0,0.00194481,0.0,0.0,0.0,207.36,1
1593996707.5897532,28099,1574796229,475055932,navsat_link,2,1,40.66592301,-74.56424534666667,46.167,0.0012960000000000003,0.0,0.0,0.0,0.0018662400000000001,0.0,0.0,0.0,207.36,1
1593996707.7894695,28100,1574796229,675065994,navsat_link,2,1,40.66592143333333,-74.564247895,46.138000000000005,0.0012960000000000003,0.0,0.0,0.0,0.0018662400000000001,0.0,0.0,0.0,207.36,1
1593996707.9972675,28101,1574796229,882637023,navsat_link,2,1,40.665919908333336,-74.56424983166667,46.117999999999995,0.0012960000000000003,0.0,0.0,0.0,0.0018662400000000001,0.0,0.0,0.0,207.36,1
1593996708.1943588,28102,1574796230,79801082,navsat_link,2,1,40.66591817166667,-74.56425194666667,46.18000000000001,0.0012960000000000003,0.0,0.0,0.0,0.0018662400000000001,0.0,0.0,0.0,207.36,1
1593996708.3904822,28103,1574796230,275657892,navsat_link,2,1,40.665916715,-74.56425342166666,46.233000000000004,0.0012960000000000003,0.0,0.0,0.0,0.0018662400000000001,0.0,0.0,0.0,207.36,1
1593996708.5936491,28104,1574796230,479206085,navsat_link,2,1,40.66591475,-74.564255245,46.274,0.0012960000000000003,0.0,0.0,0.0,0.0018662400000000001,0.0,0.0,0.0,207.36,1
1593996708.7862852,28105,1574796230,671581983,navsat_link,2,1,40.665912553333335,-74.56425737166667,46.224000000000004,0.0012960000000000003,0.0,0.0,0.0,0.0018662400000000001,0.0,0.0,0.0,207.36,1
1593996708.9926572,28106,1574796230,877598047,navsat_link,2,1,40.665911171666664,-74.56425892,46.230000000000004,0.0012960000000000003,0.0,0.0,0.0,0.0018662400000000001,0.0,0.0,0.0,207.36,1
1593996709.1895285,28107,1574796231,74606895,navsat_link,2,1,40.665909506666665,-74.56426033333334,46.227999999999994,0.0012960000000000003,0.0,0.0,0.0,0.0018662400000000001,0.0,0.0,0.0,207.36,1
1593996709.3884742,28108,1574796231,273653984,navsat_link,2,1,40.665907866666664,-74.56426307333334,46.158,0.0012960000000000003,0.0,0.0,0.0,0.0018662400000000001,0.0,0.0,0.0,207.36,1
1593996709.5874915,28109,1574796231,473066091,navsat_link,2,1,40.665906183333334,-74.56426564666667,46.107,0.00136161,0.0,0.0,0.0,0.0018662400000000001,0.0,0.0,0.0,207.36,1
1593996709.7927287,28110,1574796231,678395986,navsat_link,2,1,40.665904811666664,-74.564268065,46.141999999999996,0.0012960000000000003,0.0,0.0,0.0,0.0018662400000000001,0.0,0.0,0.0,207.36,1
1593996709.9997811,28111,1574796231,884947061,navsat_link,2,1,40.665902986666666,-74.56427052333333,46.16,0.0012960000000000003,0.0,0.0,0.0,0.0018662400000000001,0.0,0.0,0.0,207.36,1
1593996710.1923783,28112,1574796232,77611923,navsat_link,2,1,40.665901661666666,-74.56427337166667,46.168000000000006,0.0012960000000000003,0.0,0.0,0.0,0.0018662400000000001,0.0,0.0,0.0,207.36,1
1593996710.3878767,28113,1574796232,272716999,navsat_link,2,1,40.665900531666665,-74.56427540666667,46.18900000000001,0.0012960000000000003,0.0,0.0,0.0,0.0018662400000000001,0.0,0.0,0.0,207.36,1
1593996710.5868456,28114,1574796232,472460031,navsat_link,2,1,40.665898766666665,-74.56427706833334,46.165000000000006,0.0012960000000000003,0.0,0.0,0.0,0.0018662400000000001,0.0,0.0,0.0,207.36,1
1593996710.7931147,28115,1574796232,677546024,navsat_link,2,1,40.66589707666667,-74.56427957,46.056,0.0012960000000000003,0.0,0.0,0.0,0.0018662400000000001,0.0,0.0,0.0,207.36,1
1593996711.0059376,28116,1574796232,891403913,navsat_link,2,1,40.665895496666664,-74.56428154666666,46.024,0.0012960000000000003,0.0,0.0,0.0,0.0018662400000000001,0.0,0.0,0.0,207.36,1
1593996711.1849587,28117,1574796233,70264101,navsat_link,2,1,40.665894011666666,-74.56428345166667,46.062,0.0012960000000000003,0.0,0.0,0.0,0.0018662400000000001,0.0,0.0,0.0,207.36,1
1593996711.3834937,28118,1574796233,268940925,navsat_link,2,1,40.66589244,-74.56428610833333,46.09,0.0012960000000000003,0.0,0.0,0.0,0.0018662400000000001,0.0,0.0,0.0,207.36,1
1593996711.5907383,28119,1574796233,475568056,navsat_link,2,1,40.66589087166667,-74.564288955,46.041,0.0012960000000000003,0.0,0.0,0.0,0.0018662400000000001,0.0,0.0,0.0,207.36,1
1593996711.7968636,28120,1574796233,681313037,navsat_link,2,1,40.66588983166667,-74.56429087,46.07300000000001,0.0012960000000000003,0.0,0.0,0.0,0.0018662400000000001,0.0,0.0,0.0,207.36,1
1593996711.9886503,28121,1574796233,872241973,navsat_link,2,1,40.6658888,-74.56429220333334,46.138999999999996,0.0012960000000000003,0.0,0.0,0.0,0.0018662400000000001,0.0,0.0,0.0,207.36,1
1593996712.1905649,28122,1574796234,75632095,navsat_link,2,1,40.665888545,-74.56429269166667,46.135000000000005,0.0016810000000000002,0.0,0.0,0.0,0.002304,0.0,0.0,0.0,256.0,1
1593996712.3953536,28123,1574796234,280436038,navsat_link,2,1,40.66588859833333,-74.564292945,46.14,0.0016,0.0,0.0,0.0,0.002304,0.0,0.0,0.0,256.0,1
1593996712.5983865,28124,1574796234,483618021,navsat_link,2,1,40.665888378333335,-74.56429314333333,46.163,0.0017640000000000002,0.0,0.0,0.0,0.0025000000000000005,0.0,0.0,0.0,256.0,1
1593996712.8006132,28125,1574796234,680366992,navsat_link,2,1,40.665887516666665,-74.56429446833333,46.205,0.0016810000000000002,0.0,0.0,0.0,0.0024010000000000004,0.0,0.0,0.0,0.0064,1
1593996712.986853,28126,1574796234,872034072,navsat_link,2,1,40.66588615166667,-74.56429370333333,46.114999999999995,0.0001,0.0,0.0,0.0,0.00019600000000000002,0.0,0.0,0.0,256.0,1
1593996713.185367,28127,1574796235,69978952,navsat_link,2,1,40.66588419166666,-74.56429379,46.135000000000005,0.0016810000000000002,0.0,0.0,0.0,0.002304,0.0,0.0,0.0,256.0,1
1593996713.3844042,28128,1574796235,269296884,navsat_link,2,1,40.665882775,-74.56429372333334,46.141000000000005,0.00136161,0.0,0.0,0.0,0.0018662400000000001,0.0,0.0,0.0,207.36,1
1593996713.5963314,28129,1574796235,480957984,navsat_link,2,1,40.66588084833333,-74.564294515,46.107,0.00136161,0.0,0.0,0.0,0.0018662400000000001,0.0,0.0,0.0,207.36,1
1593996713.7877064,28130,1574796235,672259092,navsat_link,2,1,40.665878485,-74.56429564666666,46.04900000000001,0.00136161,0.0,0.0,0.0,0.0018662400000000001,0.0,0.0,0.0,207.36,1
1593996713.9910018,28131,1574796235,876091003,navsat_link,2,1,40.66587686333333,-74.56429650166666,46.044,0.00136161,0.0,0.0,0.0,0.0018662400000000001,0.0,0.0,0.0,207.36,1
1593996714.2019937,28132,1574796236,86551904,navsat_link,2,1,40.66587437,-74.56429702,46.004000000000005,0.00136161,0.0,0.0,0.0,0.0018662400000000001,0.0,0.0,0.0,207.36,1
1593996714.4012663,28133,1574796236,285734891,navsat_link,2,1,40.66587186666667,-74.56429777166667,46.033,0.00136161,0.0,0.0,0.0,0.0018662400000000001,0.0,0.0,0.0,207.36,1
1593996714.5970945,28134,1574796236,481515884,navsat_link,2,1,40.665870373333334,-74.56429812666667,45.977999999999994,0.00136161,0.0,0.0,0.0,0.0018662400000000001,0.0,0.0,0.0,207.36,1
1593996714.7939794,28135,1574796236,678219079,navsat_link,2,1,40.66586847166667,-74.56429896833333,45.980000000000004,0.00136161,0.0,0.0,0.0,0.0018662400000000001,0.0,0.0,0.0,207.36,1
1593996715.0015545,28136,1574796236,886734962,navsat_link,2,1,40.665866556666664,-74.56429992,45.94500000000001,0.00136161,0.0,0.0,0.0,0.0018662400000000001,0.0,0.0,0.0,207.36,1
1593996715.2017937,28137,1574796237,86143970,navsat_link,2,1,40.665865088333334,-74.56430097,45.93900000000001,0.00136161,0.0,0.0,0.0,0.0018662400000000001,0.0,0.0,0.0,207.36,1
1593996715.395145,28138,1574796237,279835939,navsat_link,2,1,40.66586458,-74.56430148166666,45.96600000000001,0.00136161,0.0,0.0,0.0,0.0018662400000000001,0.0,0.0,0.0,207.36,1
1593996715.592952,28139,1574796237,478123903,navsat_link,2,1,40.665863011666666,-74.56430213,45.869,0.00136161,0.0,0.0,0.0,0.0018662400000000001,0.0,0.0,0.0,207.36,1
1593996715.7959883,28140,1574796237,681341886,navsat_link,2,1,40.665861085,-74.564302465,45.617000000000004,0.00136161,0.0,0.0,0.0,0.0018662400000000001,0.0,0.0,0.0,207.36,1
1593996715.9956703,28141,1574796237,880454063,navsat_link,2,1,40.665858396666664,-74.56430319166667,45.69200000000001,0.00136161,0.0,0.0,0.0,0.0018662400000000001,0.0,0.0,0.0,207.36,1
1593996716.197626,28142,1574796238,82547903,navsat_link,2,1,40.66585596666667,-74.56430360166667,45.70100000000001,0.00142884,0.0,0.0,0.0,0.0018662400000000001,0.0,0.0,0.0,207.36,1
1593996716.3918996,28143,1574796238,277196884,navsat_link,2,1,40.665853625,-74.564304065,45.70400000000001,0.00142884,0.0,0.0,0.0,0.0018662400000000001,0.0,0.0,0.0,207.36,1
1593996716.5921628,28144,1574796238,476912975,navsat_link,2,1,40.66585105833333,-74.56430456,45.782,0.00142884,0.0,0.0,0.0,0.00194481,0.0,0.0,0.0,207.36,1
1593996716.7964628,28145,1574796238,681813955,navsat_link,2,1,40.665849251666664,-74.56430521666667,45.69500000000001,0.0017640000000000002,0.0,0.0,0.0,0.0024010000000000004,0.0,0.0,0.0,256.0,1
1593996716.9894736,28146,1574796238,874907016,navsat_link,2,1,40.66584812666667,-74.56430574166667,45.631,0.0016810000000000002,0.0,0.0,0.0,0.002304,0.0,0.0,0.0,256.0,1
1593996717.1896138,28147,1574796239,75218915,navsat_link,2,1,40.665847543333335,-74.564306035,45.623999999999995,0.0016810000000000002,0.0,0.0,0.0,0.002304,0.0,0.0,0.0,256.0,1
1593996717.3865254,28148,1574796239,271765947,navsat_link,2,1,40.66584681,-74.56430587666667,45.646,0.0016810000000000002,0.0,0.0,0.0,0.002304,0.0,0.0,0.0,256.0,1
1593996717.5890753,28149,1574796239,474489927,navsat_link,2,1,40.665845651666665,-74.56430604166667,45.629000000000005,0.0016810000000000002,0.0,0.0,0.0,0.002304,0.0,0.0,0.0,256.0,1
1593996717.7935772,28150,1574796239,678776979,navsat_link,2,1,40.665844275,-74.56430568833333,45.617999999999995,0.00136161,0.0,0.0,0.0,0.0018662400000000001,0.0,0.0,0.0,207.36,1
1593996717.9872036,28151,1574796239,872318983,navsat_link,2,1,40.66584314833333,-74.56430524,45.58200000000001,0.00136161,0.0,0.0,0.0,0.0018662400000000001,0.0,0.0,0.0,207.36,1
1593996718.2011807,28152,1574796240,86141109,navsat_link,2,1,40.665842418333334,-74.56430492833333,45.563,0.00136161,0.0,0.0,0.0,0.0018662400000000001,0.0,0.0,0.0,207.36,1
1593996718.3954263,28153,1574796240,280977964,navsat_link,2,1,40.66584194166666,-74.56430461666666,45.566,0.00136161,0.0,0.0,0.0,0.0018662400000000001,0.0,0.0,0.0,207.36,1
1593996718.597482,28154,1574796240,482830047,navsat_link,2,1,40.66584075666667,-74.56430468166667,45.575,0.00136161,0.0,0.0,0.0,0.00194481,0.0,0.0,0.0,207.36,1
1593996718.7913575,28155,1574796240,676513910,navsat_link,2,1,40.665839445,-74.56430475833334,45.510999999999996,0.00136161,0.0,0.0,0.0,0.00194481,0.0,0.0,0.0,207.36,1
1593996718.9912207,28156,1574796240,876677989,navsat_link,2,1,40.665838185,-74.56430457666667,45.557,0.00136161,0.0,0.0,0.0,0.00194481,0.0,0.0,0.0,207.36,1
1593996719.2018418,28157,1574796241,87234020,navsat_link,2,1,40.665836825,-74.56430440166666,45.548,0.00142884,0.0,0.0,0.0,0.00194481,0.0,0.0,0.0,207.36,1
1593996719.395131,28158,1574796241,280316114,navsat_link,2,1,40.6658355,-74.564304445,45.554,0.00136161,0.0,0.0,0.0,0.00194481,0.0,0.0,0.0,207.36,1
1593996719.6012268,28159,1574796241,486895084,navsat_link,2,1,40.66583422666667,-74.56430418333333,45.516000000000005,0.00136161,0.0,0.0,0.0,0.0018662400000000001,0.0,0.0,0.0,207.36,1
1593996719.7886934,28160,1574796241,674101114,navsat_link,2,1,40.665832895,-74.56430405833333,45.492999999999995,0.00136161,0.0,0.0,0.0,0.00194481,0.0,0.0,0.0,207.36,1
1593996719.9927762,28161,1574796241,877712965,navsat_link,2,1,40.665831705,-74.56430364166667,45.47200000000001,0.00136161,0.0,0.0,0.0,0.00194481,0.0,0.0,0.0,207.36,1
1593996720.2053552,28162,1574796242,90668916,navsat_link,2,1,40.665830625,-74.564303815,45.429,0.00136161,0.0,0.0,0.0,0.00194481,0.0,0.0,0.0,207.36,1
1593996720.3888443,28163,1574796242,274444103,navsat_link,2,1,40.66582947333333,-74.56430374,45.425,0.00136161,0.0,0.0,0.0,0.0018662400000000001,0.0,0.0,0.0,207.36,1
1593996720.595507,28164,1574796242,481031894,navsat_link,2,1,40.665828508333334,-74.564303735,45.43300000000001,0.00136161,0.0,0.0,0.0,0.0018662400000000001,0.0,0.0,0.0,207.36,1
1593996720.786735,28165,1574796242,672328948,navsat_link,2,1,40.66582693833333,-74.56430411833334,45.423,0.00136161,0.0,0.0,0.0,0.0018662400000000001,0.0,0.0,0.0,207.36,1
1593996720.9872098,28166,1574796242,872558116,navsat_link,2,1,40.66582570166667,-74.56430416833334,45.407,0.00136161,0.0,0.0,0.0,0.0018662400000000001,0.0,0.0,0.0,207.36,1
1593996721.1979568,28167,1574796243,83277940,navsat_link,2,1,40.66582448166667,-74.56430432166667,45.363,0.00136161,0.0,0.0,0.0,0.0018662400000000001,0.0,0.0,0.0,207.36,1
1593996721.3927054,28168,1574796243,278095006,navsat_link,2,1,40.665823165,-74.56430497333334,45.367000000000004,0.00136161,0.0,0.0,0.0,0.00194481,0.0,0.0,0.0,207.36,1
1593996721.599987,28169,1574796243,485065937,navsat_link,2,1,40.66582188666667,-74.56430552666667,45.331,0.00136161,0.0,0.0,0.0,0.0018662400000000001,0.0,0.0,0.0,207.36,1
1593996721.7909842,28170,1574796243,676203012,navsat_link,2,1,40.66582063,-74.564306,45.364999999999995,0.00136161,0.0,0.0,0.0,0.0018662400000000001,0.0,0.0,0.0,207.36,1
1593996721.9953632,28171,1574796243,879924058,navsat_link,2,1,40.665819495,-74.564306695,45.382999999999996,0.00136161,0.0,0.0,0.0,0.0018662400000000001,0.0,0.0,0.0,207.36,1
1593996722.1941676,28172,1574796244,79452037,navsat_link,2,1,40.66581859833333,-74.56430705333334,45.351,0.00136161,0.0,0.0,0.0,0.0018662400000000001,0.0,0.0,0.0,207.36,1
1593996722.399029,28173,1574796244,284467935,navsat_link,2,1,40.66581774666667,-74.56430738833333,45.321,0.00136161,0.0,0.0,0.0,0.00194481,0.0,0.0,0.0,207.36,1
1593996722.5950341,28174,1574796244,480499982,navsat_link,2,1,40.665816953333334,-74.56430743,45.370000000000005,0.00142884,0.0,0.0,0.0,0.0018662400000000001,0.0,0.0,0.0,207.36,1
1593996722.7969866,28175,1574796244,682540893,navsat_link,2,1,40.66581638666667,-74.56430762666666,45.227000000000004,0.00136161,0.0,0.0,0.0,0.00194481,0.0,0.0,0.0,207.36,1
1593996722.9937541,28176,1574796244,879247903,navsat_link,2,1,40.665815566666666,-74.56430730166667,45.235,0.00136161,0.0,0.0,0.0,0.00194481,0.0,0.0,0.0,207.36,1
1593996723.1913564,28177,1574796245,76632022,navsat_link,2,1,40.665814165,-74.56430711166666,45.275000000000006,0.00136161,0.0,0.0,0.0,0.0018662400000000001,0.0,0.0,0.0,207.36,1
1593996723.3978336,28178,1574796245,282995939,navsat_link,2,1,40.66581269666667,-74.56430675833333,45.272999999999996,0.00136161,0.0,0.0,0.0,0.0018662400000000001,0.0,0.0,0.0,207.36,1
1593996723.5904396,28179,1574796245,475478887,navsat_link,2,1,40.66581158333334,-74.564306075,45.289,0.00136161,0.0,0.0,0.0,0.00194481,0.0,0.0,0.0,207.36,1
1593996723.79544,28180,1574796245,680316925,navsat_link,2,1,40.66581049166667,-74.56430543,45.22200000000001,0.0016810000000000002,0.0,0.0,0.0,0.0024010000000000004,0.0,0.0,0.0,256.0,1
1593996723.9923093,28181,1574796245,877652883,navsat_link,2,1,40.665809165,-74.56430471833333,45.212,0.0016810000000000002,0.0,0.0,0.0,0.0025000000000000005,0.0,0.0,0.0,256.0,1
1593996724.1900542,28182,1574796246,75196027,navsat_link,2,1,40.66580785666667,-74.56430430166667,45.253,0.0016810000000000002,0.0,0.0,0.0,0.002304,0.0,0.0,0.0,256.0,1
1593996724.387538,28183,1574796246,272762060,navsat_link,2,1,40.66580675666667,-74.56430407333333,45.284000000000006,0.0020340100000000006,0.0,0.0,0.0,0.0027878400000000006,0.0,0.0,0.0,309.76000000000005,1
1593996724.5837417,28184,1574796246,469178915,navsat_link,2,1,40.66580569333333,-74.56430335333333,45.203,0.0020340100000000006,0.0,0.0,0.0,0.0029052100000000005,0.0,0.0,0.0,309.76000000000005,1
1593996724.7893443,28185,1574796246,674865961,navsat_link,2,1,40.665803635,-74.56430300166667,45.271,0.0016810000000000002,0.0,0.0,0.0,0.002304,0.0,0.0,0.0,256.0,1
1593996724.9870265,28186,1574796246,872561931,navsat_link,2,1,40.66580134666667,-74.56430236,45.208,0.0016810000000000002,0.0,0.0,0.0,0.002304,0.0,0.0,0.0,256.0,1
1593996725.1853726,28187,1574796247,70652961,navsat_link,2,1,40.665798816666666,-74.56430218833333,45.138999999999996,0.0016810000000000002,0.0,0.0,0.0,0.002304,0.0,0.0,0.0,256.0,1
1593996725.3974614,28188,1574796247,282290935,navsat_link,2,1,40.665796525,-74.56430203166667,45.084,0.0016810000000000002,0.0,0.0,0.0,0.002304,0.0,0.0,0.0,256.0,1
1593996725.6007404,28189,1574796247,485774993,navsat_link,2,1,40.665793898333334,-74.56430172166667,45.063,0.00136161,0.0,0.0,0.0,0.0018662400000000001,0.0,0.0,0.0,207.36,1
1593996725.7961004,28190,1574796247,681404113,navsat_link,2,1,40.665791525,-74.56430177333333,45.028999999999996,0.00136161,0.0,0.0,0.0,0.0018662400000000001,0.0,0.0,0.0,207.36,1
1593996725.996023,28191,1574796247,881434917,navsat_link,2,1,40.665789155,-74.56430161166666,44.97200000000001,0.00136161,0.0,0.0,0.0,0.0018662400000000001,0.0,0.0,0.0,207.36,1
1593996726.1963196,28192,1574796248,81680059,navsat_link,2,1,40.66578667,-74.56430155,44.96000000000001,0.00136161,0.0,0.0,0.0,0.0018662400000000001,0.0,0.0,0.0,207.36,1
1593996726.4093242,28193,1574796248,293656110,navsat_link,2,1,40.66578427333334,-74.56430183666667,44.926,0.00136161,0.0,0.0,0.0,0.0018662400000000001,0.0,0.0,0.0,207.36,1
1593996726.6025097,28194,1574796248,487746953,navsat_link,2,1,40.66578175833333,-74.564301875,44.903000000000006,0.00136161,0.0,0.0,0.0,0.0018662400000000001,0.0,0.0,0.0,207.36,1
1593996726.7873557,28195,1574796248,673028945,navsat_link,2,1,40.66577948,-74.56430206833333,44.882000000000005,0.00136161,0.0,0.0,0.0,0.0018662400000000001,0.0,0.0,0.0,207.36,1
1593996726.989777,28196,1574796248,875272035,navsat_link,2,1,40.66577678833333,-74.56430212,44.900000000000006,0.00136161,0.0,0.0,0.0,0.0018662400000000001,0.0,0.0,0.0,207.36,1
1593996727.2015395,28197,1574796249,86937904,navsat_link,2,1,40.66577465333334,-74.56430233,44.861999999999995,0.00136161,0.0,0.0,0.0,0.0018662400000000001,0.0,0.0,0.0,207.36,1
1593996727.414439,28198,1574796249,299946069,navsat_link,2,1,40.66577218333333,-74.56430251666667,44.84,0.00136161,0.0,0.0,0.0,0.0018662400000000001,0.0,0.0,0.0,207.36,1
1593996727.5906932,28199,1574796249,475939989,navsat_link,2,1,40.66576956,-74.56430264666666,44.8,0.00136161,0.0,0.0,0.0,0.0018662400000000001,0.0,0.0,0.0,207.36,1
1593996727.7905579,28200,1574796249,675899028,navsat_link,2,1,40.66576718666666,-74.56430265333333,44.82900000000001,0.00136161,0.0,0.0,0.0,0.0018662400000000001,0.0,0.0,0.0,207.36,1
1593996727.9927871,28201,1574796249,878272056,navsat_link,2,1,40.66576481166667,-74.56430218833333,44.78,0.00136161,0.0,0.0,0.0,0.0018662400000000001,0.0,0.0,0.0,207.36,1
1593996728.2026284,28202,1574796250,87799072,navsat_link,2,1,40.66576233833333,-74.56430199,44.772999999999996,0.00136161,0.0,0.0,0.0,0.0018662400000000001,0.0,0.0,0.0,207.36,1
1593996728.4289725,28203,1574796250,314223051,navsat_link,2,1,40.66575986,-74.56430167333333,44.775000000000006,0.00136161,0.0,0.0,0.0,0.0018662400000000001,0.0,0.0,0.0,207.36,1
1593996728.5970364,28204,1574796250,482566118,navsat_link,2,1,40.665757488333334,-74.56430104,44.747,0.00136161,0.0,0.0,0.0,0.0018662400000000001,0.0,0.0,0.0,207.36,1
1593996728.7956982,28205,1574796250,681032896,navsat_link,2,1,40.66575505,-74.564300675,44.702,0.00136161,0.0,0.0,0.0,0.0018662400000000001,0.0,0.0,0.0,207.36,1
1593996728.9926255,28206,1574796250,877782106,navsat_link,2,1,40.66575262333333,-74.56430007333333,44.711,0.00136161,0.0,0.0,0.0,0.0018662400000000001,0.0,0.0,0.0,207.36,1
1593996729.190054,28207,1574796251,75340986,navsat_link,2,1,40.66575026,-74.56429942333334,44.662000000000006,0.00136161,0.0,0.0,0.0,0.0018662400000000001,0.0,0.0,0.0,207.36,1
1593996729.3997781,28208,1574796251,285101890,navsat_link,2,1,40.66574789,-74.56429913333334,44.67400000000001,0.00136161,0.0,0.0,0.0,0.0018662400000000001,0.0,0.0,0.0,207.36,1
1593996729.5977247,28209,1574796251,482752084,navsat_link,2,1,40.665745295,-74.564298455,44.632000000000005,0.00136161,0.0,0.0,0.0,0.0018662400000000001,0.0,0.0,0.0,207.36,1
1593996729.797883,28210,1574796251,683165073,navsat_link,2,1,40.66574298,-74.56429815833333,44.632999999999996,0.00136161,0.0,0.0,0.0,0.0018662400000000001,0.0,0.0,0.0,207.36,1
1593996729.9978492,28211,1574796251,883351087,navsat_link,2,1,40.66574043,-74.56429771166667,44.611000000000004,0.00136161,0.0,0.0,0.0,0.0018662400000000001,0.0,0.0,0.0,207.36,1
1593996730.2102194,28212,1574796252,94873905,navsat_link,2,1,40.665738053333335,-74.56429746166667,44.56400000000001,0.00136161,0.0,0.0,0.0,0.0018662400000000001,0.0,0.0,0.0,207.36,1
1593996730.3989334,28213,1574796252,284307956,navsat_link,2,1,40.6657359,-74.56429747333334,44.557,0.00136161,0.0,0.0,0.0,0.0018662400000000001,0.0,0.0,0.0,207.36,1
1593996730.6189044,28214,1574796252,504117012,navsat_link,2,1,40.66573347666667,-74.564297795,44.571,0.00136161,0.0,0.0,0.0,0.0018662400000000001,0.0,0.0,0.0,207.36,1
1593996730.7985876,28215,1574796252,683517932,navsat_link,2,1,40.66573091,-74.5642984,44.605999999999995,0.00136161,0.0,0.0,0.0,0.0018662400000000001,0.0,0.0,0.0,207.36,1
1593996730.995996,28216,1574796252,881571054,navsat_link,2,1,40.665728375,-74.564298355,44.54900000000001,0.00136161,0.0,0.0,0.0,0.0018662400000000001,0.0,0.0,0.0,207.36,1
1593996731.195633,28217,1574796253,80977916,navsat_link,2,1,40.66572587666667,-74.56429859166667,44.516999999999996,0.00136161,0.0,0.0,0.0,0.0018662400000000001,0.0,0.0,0.0,207.36,1
1593996731.4089556,28218,1574796253,294271945,navsat_link,2,1,40.665723891666666,-74.56429899,44.464,0.00136161,0.0,0.0,0.0,0.0018662400000000001,0.0,0.0,0.0,207.36,1
1593996731.5975022,28219,1574796253,483083009,navsat_link,2,1,40.66572218666667,-74.56429914,44.431,0.00136161,0.0,0.0,0.0,0.0018662400000000001,0.0,0.0,0.0,207.36,1
1593996731.7982225,28220,1574796253,683814048,navsat_link,2,1,40.665719808333336,-74.56429870166667,44.461,0.00136161,0.0,0.0,0.0,0.0018662400000000001,0.0,0.0,0.0,207.36,1
1593996731.995241,28221,1574796253,880415916,navsat_link,2,1,40.665717586666666,-74.56429817333333,44.441,0.00136161,0.0,0.0,0.0,0.0018662400000000001,0.0,0.0,0.0,207.36,1
1593996732.2058206,28222,1574796254,90780019,navsat_link,2,1,40.66571551333333,-74.56429736666666,44.407,0.00136161,0.0,0.0,0.0,0.0018662400000000001,0.0,0.0,0.0,207.36,1
1593996732.393668,28223,1574796254,278754949,navsat_link,2,1,40.665713116666666,-74.56429641,44.379999999999995,0.00136161,0.0,0.0,0.0,0.0018662400000000001,0.0,0.0,0.0,207.36,1
1593996732.6062443,28224,1574796254,491394996,navsat_link,2,1,40.66571062166667,-74.56429569166667,44.397999999999996,0.00136161,0.0,0.0,0.0,0.0018662400000000001,0.0,0.0,0.0,207.36,1
1593996732.7998571,28225,1574796254,680995941,navsat_link,2,1,40.66570814833333,-74.5642952,44.373999999999995,0.00136161,0.0,0.0,0.0,0.0018662400000000001,0.0,0.0,0.0,207.36,1
1593996732.9998791,28226,1574796254,885185003,navsat_link,2,1,40.665705816666666,-74.56429464166666,44.34700000000001,0.00136161,0.0,0.0,0.0,0.0018662400000000001,0.0,0.0,0.0,207.36,1
1593996733.1953807,28227,1574796255,80988883,navsat_link,2,1,40.66570333833333,-74.56429444333334,44.33500000000001,0.00136161,0.0,0.0,0.0,0.0018662400000000001,0.0,0.0,0.0,207.36,1
1593996733.3949256,28228,1574796255,280252933,navsat_link,2,1,40.665700996666665,-74.56429409333333,44.312,0.00136161,0.0,0.0,0.0,0.0018662400000000001,0.0,0.0,0.0,207.36,1
1593996733.5931504,28229,1574796255,478100061,navsat_link,2,1,40.66569854,-74.56429385,44.25,0.00136161,0.0,0.0,0.0,0.0018662400000000001,0.0,0.0,0.0,207.36,1
1593996733.7914865,28230,1574796255,676964044,navsat_link,2,1,40.66569610166667,-74.564293685,44.215,0.00136161,0.0,0.0,0.0,0.0018662400000000001,0.0,0.0,0.0,207.36,1
1593996733.9909985,28231,1574796255,876023054,navsat_link,2,1,40.6656937,-74.56429360333334,44.229,0.00136161,0.0,0.0,0.0,0.0018662400000000001,0.0,0.0,0.0,207.36,1
1593996734.1998847,28232,1574796256,85310935,navsat_link,2,1,40.66569123,-74.56429339666667,44.221000000000004,0.00136161,0.0,0.0,0.0,0.0018662400000000001,0.0,0.0,0.0,207.36,1
1593996734.3896434,28233,1574796256,274740934,navsat_link,2,1,40.665688753333335,-74.56429314333333,44.168000000000006,0.00136161,0.0,0.0,0.0,0.0018662400000000001,0.0,0.0,0.0,207.36,1
1593996734.5981405,28234,1574796256,483438968,navsat_link,2,1,40.66568638,-74.56429281,44.153000000000006,0.00136161,0.0,0.0,0.0,0.0018662400000000001,0.0,0.0,0.0,207.36,1
1593996734.796468,28235,1574796256,678915977,navsat_link,2,1,40.66568381166667,-74.56429246333333,44.163,0.00136161,0.0,0.0,0.0,0.0018662400000000001,0.0,0.0,0.0,207.36,1
1593996734.9942498,28236,1574796256,878803014,navsat_link,2,1,40.665681405,-74.56429160166667,44.104,0.00136161,0.0,0.0,0.0,0.0018662400000000001,0.0,0.0,0.0,207.36,1
1593996735.1948526,28237,1574796257,79726934,navsat_link,2,1,40.66567907333334,-74.56429094,44.095,0.00136161,0.0,0.0,0.0,0.0018662400000000001,0.0,0.0,0.0,207.36,1
1593996735.4002123,28238,1574796257,285415887,navsat_link,2,1,40.665676606666665,-74.564289885,44.099000000000004,0.00136161,0.0,0.0,0.0,0.0018662400000000001,0.0,0.0,0.0,207.36,1
1593996735.6030993,28239,1574796257,488476991,navsat_link,2,1,40.66567430166667,-74.56428935833334,44.06700000000001,0.00136161,0.0,0.0,0.0,0.0018662400000000001,0.0,0.0,0.0,207.36,1
1593996735.7910557,28240,1574796257,676414012,navsat_link,2,1,40.66567182666667,-74.564288605,44.045,0.00136161,0.0,0.0,0.0,0.0018662400000000001,0.0,0.0,0.0,207.36,1
1593996735.9895434,28241,1574796257,874794006,navsat_link,2,1,40.66566947166667,-74.56428771833333,43.988,0.00136161,0.0,0.0,0.0,0.0018662400000000001,0.0,0.0,0.0,207.36,1
1593996736.1905692,28242,1574796258,75546979,navsat_link,2,1,40.665667066666664,-74.56428691,43.994,0.00136161,0.0,0.0,0.0,0.0018662400000000001,0.0,0.0,0.0,207.36,1
1593996736.3990955,28243,1574796258,284181118,navsat_link,2,1,40.66566467166667,-74.56428627,43.977000000000004,0.00136161,0.0,0.0,0.0,0.0018662400000000001,0.0,0.0,0.0,207.36,1
1593996736.622769,28244,1574796258,508178949,navsat_link,2,1,40.66566282666667,-74.56428569666667,43.96900000000001,0.00136161,0.0,0.0,0.0,0.0020250000000000003,0.0,0.0,0.0,207.36,1
1593996736.7907777,28245,1574796258,676278114,navsat_link,2,1,40.66566174333333,-74.56428536666667,43.943,0.00136161,0.0,0.0,0.0,0.00194481,0.0,0.0,0.0,207.36,1
1593996736.9954445,28246,1574796258,880202054,navsat_link,2,1,40.66565954166666,-74.56428491166666,43.946,0.00136161,0.0,0.0,0.0,0.00194481,0.0,0.0,0.0,207.36,1
1593996737.1997428,28247,1574796259,85069894,navsat_link,2,1,40.66565734666667,-74.56428421,43.934,0.00136161,0.0,0.0,0.0,0.0018662400000000001,0.0,0.0,0.0,207.36,1
1593996737.3976586,28248,1574796259,282799959,navsat_link,2,1,40.66565527,-74.56428327,43.897999999999996,0.00136161,0.0,0.0,0.0,0.0018662400000000001,0.0,0.0,0.0,207.36,1
1593996737.6180797,28249,1574796259,503470897,navsat_link,2,1,40.66565304833333,-74.56428216666667,43.885000000000005,0.00136161,0.0,0.0,0.0,0.0018662400000000001,0.0,0.0,0.0,207.36,1
1593996737.7983902,28250,1574796259,683458089,navsat_link,2,1,40.66565091166667,-74.56428025,43.83500000000001,0.00136161,0.0,0.0,0.0,0.0018662400000000001,0.0,0.0,0.0,207.36,1
1593996737.9983048,28251,1574796259,883296966,navsat_link,2,1,40.665648775,-74.56427884333333,43.807,0.00136161,0.0,0.0,0.0,0.0018662400000000001,0.0,0.0,0.0,207.36,1
1593996738.202344,28252,1574796260,87272882,navsat_link,2,1,40.665646593333335,-74.56427742333334,43.792,0.00136161,0.0,0.0,0.0,0.0018662400000000001,0.0,0.0,0.0,207.36,1
1593996738.3918319,28253,1574796260,276973962,navsat_link,2,1,40.66564416666667,-74.56427605333333,43.754000000000005,0.00136161,0.0,0.0,0.0,0.0018662400000000001,0.0,0.0,0.0,207.36,1
1593996738.6171777,28254,1574796260,502319097,navsat_link,2,1,40.66564248,-74.56427518333334,43.732,0.00136161,0.0,0.0,0.0,0.0018662400000000001,0.0,0.0,0.0,207.36,1
1593996738.7933965,28255,1574796260,678699016,navsat_link,2,1,40.665641025,-74.56427436833333,43.729,0.00136161,0.0,0.0,0.0,0.0018662400000000001,0.0,0.0,0.0,207.36,1
1593996738.9918473,28256,1574796260,877262115,navsat_link,2,1,40.66563891333333,-74.56427414166667,43.705,0.00136161,0.0,0.0,0.0,0.0018662400000000001,0.0,0.0,0.0,207.36,1
1593996739.1874542,28257,1574796261,73054075,navsat_link,2,1,40.665636465,-74.56427404666667,43.691,0.00136161,0.0,0.0,0.0,0.0018662400000000001,0.0,0.0,0.0,207.36,1
1593996739.4018574,28258,1574796261,286959886,navsat_link,2,1,40.66563421,-74.56427391833333,43.666,0.00136161,0.0,0.0,0.0,0.0018662400000000001,0.0,0.0,0.0,207.36,1
1593996739.6201513,28259,1574796261,505346059,navsat_link,2,1,40.66563166833333,-74.56427387666666,43.643,0.0012960000000000003,0.0,0.0,0.0,0.0018662400000000001,0.0,0.0,0.0,207.36,1
1593996739.7949655,28260,1574796261,680250883,navsat_link,2,1,40.66562922,-74.56427374666667,43.631,0.0012960000000000003,0.0,0.0,0.0,0.0018662400000000001,0.0,0.0,0.0,207.36,1
1593996739.9874125,28261,1574796261,872900009,navsat_link,2,1,40.665627576666665,-74.56427343666667,43.614999999999995,0.0012960000000000003,0.0,0.0,0.0,0.0018662400000000001,0.0,0.0,0.0,207.36,1
1593996740.1968431,28262,1574796262,82245111,navsat_link,2,1,40.66562602333333,-74.56427310833334,43.583,0.0012960000000000003,0.0,0.0,0.0,0.0018662400000000001,0.0,0.0,0.0,207.36,1
1593996740.3901913,28263,1574796262,275845050,navsat_link,2,1,40.665623835,-74.56427209166667,43.571,0.0012960000000000003,0.0,0.0,0.0,0.0018662400000000001,0.0,0.0,0.0,207.36,1
1593996740.5996277,28264,1574796262,484257936,navsat_link,2,1,40.665621638333334,-74.56427092666667,43.521,0.0012960000000000003,0.0,0.0,0.0,0.0017892900000000005,0.0,0.0,0.0,207.36,1
1593996740.7916017,28265,1574796262,677325963,navsat_link,2,1,40.66561939666666,-74.56426982333333,43.521,0.0012960000000000003,0.0,0.0,0.0,0.0018662400000000001,0.0,0.0,0.0,207.36,1
1593996740.9900014,28266,1574796262,875471115,navsat_link,2,1,40.66561736166667,-74.56426889166667,43.471000000000004,0.0012960000000000003,0.0,0.0,0.0,0.0017892900000000005,0.0,0.0,0.0,207.36,1
1593996741.2016425,28267,1574796263,87088108,navsat_link,2,1,40.665615378333335,-74.56426860666667,43.464,0.0012960000000000003,0.0,0.0,0.0,0.0017892900000000005,0.0,0.0,0.0,207.36,1
1593996741.3964334,28268,1574796263,282016038,navsat_link,2,1,40.665612985,-74.56426842,43.406000000000006,0.0012960000000000003,0.0,0.0,0.0,0.0018662400000000001,0.0,0.0,0.0,207.36,1
1593996741.6078749,28269,1574796263,493170976,navsat_link,2,1,40.665610611666665,-74.56426836,43.387,0.0012960000000000003,0.0,0.0,0.0,0.0017892900000000005,0.0,0.0,0.0,207.36,1
1593996741.8003733,28270,1574796263,685096979,navsat_link,2,1,40.665609055,-74.564268205,43.373000000000005,0.0012960000000000003,0.0,0.0,0.0,0.0017892900000000005,0.0,0.0,0.0,207.36,1
1593996741.9935682,28271,1574796263,879195928,navsat_link,2,1,40.665607533333336,-74.56426765666667,43.382000000000005,0.0012960000000000003,0.0,0.0,0.0,0.0017892900000000005,0.0,0.0,0.0,207.36,1
1593996742.1929483,28272,1574796264,77992916,navsat_link,2,1,40.66560601,-74.56426707,43.33200000000001,0.0012960000000000003,0.0,0.0,0.0,0.0017892900000000005,0.0,0.0,0.0,207.36,1
1593996742.3836977,28273,1574796264,269314050,navsat_link,2,1,40.665604455,-74.56426671333334,43.324,0.0012960000000000003,0.0,0.0,0.0,0.0017892900000000005,0.0,0.0,0.0,207.36,1
1593996742.6103506,28274,1574796264,495299100,navsat_link,2,1,40.665601736666666,-74.56426598333333,43.28,0.0012960000000000003,0.0,0.0,0.0,0.0017892900000000005,0.0,0.0,0.0,207.36,1
1593996742.7939227,28275,1574796264,679301977,navsat_link,2,1,40.66559939166667,-74.56426544166666,43.248000000000005,0.00136161,0.0,0.0,0.0,0.0018662400000000001,0.0,0.0,0.0,207.36,1
1593996742.9885046,28276,1574796264,873969078,navsat_link,2,1,40.66559703,-74.564265155,43.236999999999995,0.00136161,0.0,0.0,0.0,0.0017892900000000005,0.0,0.0,0.0,207.36,1
1593996743.1891863,28277,1574796265,74475049,navsat_link,2,1,40.66559488833333,-74.56426475666666,43.2,0.00136161,0.0,0.0,0.0,0.0017892900000000005,0.0,0.0,0.0,207.36,1
1593996743.3909955,28278,1574796265,276084899,navsat_link,2,1,40.66559350833333,-74.56426463,43.19500000000001,0.00136161,0.0,0.0,0.0,0.0017892900000000005,0.0,0.0,0.0,207.36,1
1593996743.5947666,28279,1574796265,480120897,navsat_link,2,1,40.66559221,-74.56426401666667,43.159000000000006,0.00136161,0.0,0.0,0.0,0.0018662400000000001,0.0,0.0,0.0,207.36,1
1593996743.7945912,28280,1574796265,680057048,navsat_link,2,1,40.66559004333333,-74.56426341666666,43.138000000000005,0.0012960000000000003,0.0,0.0,0.0,0.0018662400000000001,0.0,0.0,0.0,207.36,1
1593996743.9914014,28281,1574796265,876844882,navsat_link,2,1,40.665588586666665,-74.56426337166667,43.125,0.00136161,0.0,0.0,0.0,0.0017892900000000005,0.0,0.0,0.0,207.36,1
1593996744.1937253,28282,1574796266,79061985,navsat_link,2,1,40.66558783,-74.56426337666667,43.108000000000004,0.0012960000000000003,0.0,0.0,0.0,0.0017892900000000005,0.0,0.0,0.0,207.36,1
1593996744.3936596,28283,1574796266,278645038,navsat_link,2,1,40.66558688333333,-74.56426326333333,43.09700000000001,0.0012960000000000003,0.0,0.0,0.0,0.0017892900000000005,0.0,0.0,0.0,207.36,1
1593996744.591436,28284,1574796266,476890087,navsat_link,2,1,40.665586571666665,-74.56426342666667,43.087,0.00136161,0.0,0.0,0.0,0.0017892900000000005,0.0,0.0,0.0,207.36,1
1593996744.7958114,28285,1574796266,681036949,navsat_link,2,1,40.66558585833333,-74.56426331,43.07000000000001,0.0012960000000000003,0.0,0.0,0.0,0.0017892900000000005,0.0,0.0,0.0,207.36,1
1593996744.9958887,28286,1574796266,881230115,navsat_link,2,1,40.66558446166667,-74.56426275166666,43.05,0.00136161,0.0,0.0,0.0,0.0017892900000000005,0.0,0.0,0.0,207.36,1
1593996745.1930041,28287,1574796267,78567028,navsat_link,2,1,40.665582531666665,-74.56426114833333,43.041,0.00136161,0.0,0.0,0.0,0.0017892900000000005,0.0,0.0,0.0,207.36,1
1593996745.3963656,28288,1574796267,281506061,navsat_link,2,1,40.66558066666666,-74.56425977166667,42.995999999999995,0.0012960000000000003,0.0,0.0,0.0,0.0017892900000000005,0.0,0.0,0.0,207.36,1
1593996745.595669,28289,1574796267,480796098,navsat_link,2,1,40.66557906833334,-74.56425890833333,42.96900000000001,0.00136161,0.0,0.0,0.0,0.0017892900000000005,0.0,0.0,0.0,207.36,1
1593996745.804573,28290,1574796267,689491033,navsat_link,2,1,40.665577345,-74.56425811,42.93900000000001,0.0012960000000000003,0.0,0.0,0.0,0.0017892900000000005,0.0,0.0,0.0,207.36,1
1593996745.992422,28291,1574796267,877460956,navsat_link,2,1,40.66557521,-74.56425688166667,42.908,0.0012960000000000003,0.0,0.0,0.0,0.0017892900000000005,0.0,0.0,0.0,207.36,1
1593996746.1975284,28292,1574796268,82829952,navsat_link,2,1,40.66557280166667,-74.56425587,42.908,0.0012960000000000003,0.0,0.0,0.0,0.0017892900000000005,0.0,0.0,0.0,207.36,1
1593996746.3950872,28293,1574796268,279748916,navsat_link,2,1,40.66557041,-74.56425501833333,42.900000000000006,0.0012960000000000003,0.0,0.0,0.0,0.0017892900000000005,0.0,0.0,0.0,207.36,1
1593996746.5960946,28294,1574796268,481002092,navsat_link,2,1,40.665568648333334,-74.56425429166667,42.861000000000004,0.0012960000000000003,0.0,0.0,0.0,0.0017892900000000005,0.0,0.0,0.0,207.36,1
1593996746.8076744,28295,1574796268,692814111,navsat_link,2,1,40.66556713833333,-74.56425339,42.783,0.0012960000000000003,0.0,0.0,0.0,0.0017892900000000005,0.0,0.0,0.0,207.36,1
1593996746.9964204,28296,1574796268,880350112,navsat_link,2,1,40.665565638333334,-74.56425206,42.791,0.0012960000000000003,0.0,0.0,0.0,0.0017892900000000005,0.0,0.0,0.0,207.36,1
1593996747.2014046,28297,1574796269,86572885,navsat_link,2,1,40.665563588333335,-74.56425027,42.738,0.0012960000000000003,0.0,0.0,0.0,0.0017892900000000005,0.0,0.0,0.0,207.36,1
1593996747.400221,28298,1574796269,284507989,navsat_link,2,1,40.665562073333334,-74.56424853333333,42.760999999999996,0.0012960000000000003,0.0,0.0,0.0,0.0017892900000000005,0.0,0.0,0.0,207.36,1
1593996747.597463,28299,1574796269,482525110,navsat_link,2,1,40.66556069666667,-74.56424754333334,42.732,0.0012960000000000003,0.0,0.0,0.0,0.0017892900000000005,0.0,0.0,0.0,207.36,1
1593996747.811141,28300,1574796269,695935010,navsat_link,2,1,40.665558355,-74.564246365,42.7,0.0012960000000000003,0.0,0.0,0.0,0.0017892900000000005,0.0,0.0,0.0,207.36,1
1593996747.997081,28301,1574796269,880680084,navsat_link,2,1,40.66555594333333,-74.56424516833333,42.676,0.0012960000000000003,0.0,0.0,0.0,0.0017892900000000005,0.0,0.0,0.0,207.36,1
1593996748.1944833,28302,1574796270,78883886,navsat_link,2,1,40.66555388166667,-74.56424394166666,42.632999999999996,0.0012960000000000003,0.0,0.0,0.0,0.0017892900000000005,0.0,0.0,0.0,207.36,1
1593996748.402526,28303,1574796270,287425994,navsat_link,2,1,40.66555225,-74.56424276,42.614000000000004,0.0012960000000000003,0.0,0.0,0.0,0.0017892900000000005,0.0,0.0,0.0,207.36,1
1593996748.600277,28304,1574796270,485306978,navsat_link,2,1,40.665550025,-74.56424089166667,42.601,0.00136161,0.0,0.0,0.0,0.0018662400000000001,0.0,0.0,0.0,207.36,1
1593996748.818794,28305,1574796270,703269004,navsat_link,2,1,40.66554828833333,-74.56423953333334,42.623000000000005,0.0012960000000000003,0.0,0.0,0.0,0.0018662400000000001,0.0,0.0,0.0,207.36,1
1593996749.0006914,28306,1574796270,885678052,navsat_link,2,1,40.66554683166667,-74.56423776166666,42.568,0.0012960000000000003,0.0,0.0,0.0,0.0017892900000000005,0.0,0.0,0.0,207.36,1
1593996749.2042406,28307,1574796271,89132070,navsat_link,2,1,40.665545035,-74.56423535666667,42.522999999999996,0.0012960000000000003,0.0,0.0,0.0,0.0017892900000000005,0.0,0.0,0.0,207.36,1
1593996749.4056547,28308,1574796271,290592908,navsat_link,2,1,40.66554367166667,-74.56423357833333,42.465,0.0012960000000000003,0.0,0.0,0.0,0.0017892900000000005,0.0,0.0,0.0,207.36,1
1593996749.624586,28309,1574796271,509701013,navsat_link,2,1,40.66554160166667,-74.56423120166667,42.473,0.0012960000000000003,0.0,0.0,0.0,0.0017892900000000005,0.0,0.0,0.0,207.36,1
1593996749.819653,28310,1574796271,704511880,navsat_link,2,1,40.66553974,-74.56422944833334,42.45700000000001,0.0012960000000000003,0.0,0.0,0.0,0.0017892900000000005,0.0,0.0,0.0,207.36,1
1593996749.9949234,28311,1574796271,879668951,navsat_link,2,1,40.665537945,-74.56422732833333,42.42,0.0012960000000000003,0.0,0.0,0.0,0.0017892900000000005,0.0,0.0,0.0,207.36,1
1593996750.2014823,28312,1574796272,86237907,navsat_link,2,1,40.66553618166667,-74.56422530333333,42.385000000000005,0.0012960000000000003,0.0,0.0,0.0,0.0017892900000000005,0.0,0.0,0.0,207.36,1
1593996750.396324,28313,1574796272,281697034,navsat_link,2,1,40.66553433,-74.564223345,42.375,0.0012960000000000003,0.0,0.0,0.0,0.0017892900000000005,0.0,0.0,0.0,207.36,1
1593996750.5951273,28314,1574796272,480186939,navsat_link,2,1,40.665532475,-74.56422138833334,42.355000000000004,0.0012960000000000003,0.0,0.0,0.0,0.0017892900000000005,0.0,0.0,0.0,207.36,1
1593996750.7995322,28315,1574796272,684851884,navsat_link,2,1,40.665530516666664,-74.56421937166667,42.394999999999996,0.0012960000000000003,0.0,0.0,0.0,0.0017892900000000005,0.0,0.0,0.0,207.36,1
1593996750.9971206,28316,1574796272,882414102,navsat_link,2,1,40.66552859,-74.56421725666667,42.357,0.0012960000000000003,0.0,0.0,0.0,0.0017892900000000005,0.0,0.0,0.0,207.36,1
1593996751.2050734,28317,1574796273,90012073,navsat_link,2,1,40.66552684166667,-74.56421524333334,42.357,0.0012960000000000003,0.0,0.0,0.0,0.0017892900000000005,0.0,0.0,0.0,207.36,1
1593996751.4034336,28318,1574796273,288695096,navsat_link,2,1,40.66552499,-74.56421312166667,42.361999999999995,0.0012960000000000003,0.0,0.0,0.0,0.0017892900000000005,0.0,0.0,0.0,207.36,1
1593996751.60083,28319,1574796273,486124992,navsat_link,2,1,40.665523325,-74.56421082666667,42.32600000000001,0.0012960000000000003,0.0,0.0,0.0,0.0017892900000000005,0.0,0.0,0.0,207.36,1
1593996751.8070807,28320,1574796273,691143989,navsat_link,2,1,40.665521665,-74.56420838833333,42.307,0.0012960000000000003,0.0,0.0,0.0,0.0017892900000000005,0.0,0.0,0.0,207.36,1
1593996751.9969587,28321,1574796273,882179021,navsat_link,2,1,40.665520068333336,-74.56420616166666,42.287000000000006,0.0012960000000000003,0.0,0.0,0.0,0.0017892900000000005,0.0,0.0,0.0,207.36,1
1593996752.206085,28322,1574796274,91440916,navsat_link,2,1,40.66551844166667,-74.56420356,42.303,0.0012960000000000003,0.0,0.0,0.0,0.0017892900000000005,0.0,0.0,0.0,207.36,1
1593996752.3983264,28323,1574796274,283464908,navsat_link,2,1,40.665516905,-74.56420098666666,42.286,0.0012960000000000003,0.0,0.0,0.0,0.0017892900000000005,0.0,0.0,0.0,207.36,1
1593996752.597648,28324,1574796274,482826948,navsat_link,2,1,40.665515533333334,-74.56419836333333,42.295,0.0012960000000000003,0.0,0.0,0.0,0.0017892900000000005,0.0,0.0,0.0,207.36,1
1593996752.8002102,28325,1574796274,685395002,navsat_link,2,1,40.665514171666665,-74.56419566,42.268,0.0012960000000000003,0.0,0.0,0.0,0.0017892900000000005,0.0,0.0,0.0,207.36,1
1593996752.9938908,28326,1574796274,879496097,navsat_link,2,1,40.665512836666664,-74.56419290166667,42.253,0.0012960000000000003,0.0,0.0,0.0,0.0017892900000000005,0.0,0.0,0.0,207.36,1
1593996753.1970246,28327,1574796275,82353115,navsat_link,2,1,40.66551165333333,-74.564190195,42.233999999999995,0.0012960000000000003,0.0,0.0,0.0,0.0017892900000000005,0.0,0.0,0.0,207.36,1
1593996753.4047081,28328,1574796275,290004014,navsat_link,2,1,40.665510633333334,-74.56418724333334,42.25,0.0012960000000000003,0.0,0.0,0.0,0.0017892900000000005,0.0,0.0,0.0,207.36,1
1593996753.5986526,28329,1574796275,484226942,navsat_link,2,1,40.665509758333336,-74.56418508166666,42.257000000000005,0.0012960000000000003,0.0,0.0,0.0,0.0017892900000000005,0.0,0.0,0.0,207.36,1
1593996753.7997918,28330,1574796275,685225009,navsat_link,2,1,40.66550823,-74.56418192,42.253,0.0012960000000000003,0.0,0.0,0.0,0.0017892900000000005,0.0,0.0,0.0,207.36,1
1593996753.9994106,28331,1574796275,884790897,navsat_link,2,1,40.66550696833333,-74.56417932166667,42.236999999999995,0.0012960000000000003,0.0,0.0,0.0,0.0017892900000000005,0.0,0.0,0.0,207.36,1
1593996754.202066,28332,1574796276,87054014,navsat_link,2,1,40.665505673333335,-74.56417671,42.245999999999995,0.0012960000000000003,0.0,0.0,0.0,0.0017892900000000005,0.0,0.0,0.0,207.36,1
1593996754.400841,28333,1574796276,286133050,navsat_link,2,1,40.665504295,-74.564174,42.257999999999996,0.0012960000000000003,0.0,0.0,0.0,0.0017892900000000005,0.0,0.0,0.0,207.36,1
1593996754.5980933,28334,1574796276,483767986,navsat_link,2,1,40.66550291833333,-74.56417105166666,42.271,0.0012960000000000003,0.0,0.0,0.0,0.0017892900000000005,0.0,0.0,0.0,207.36,1
1593996754.799936,28335,1574796276,685408115,navsat_link,2,1,40.66550168,-74.56416851,42.209,0.0012960000000000003,0.0,0.0,0.0,0.0017892900000000005,0.0,0.0,0.0,207.36,1
1593996755.0115645,28336,1574796276,896718978,navsat_link,2,1,40.66550027833333,-74.564165775,42.239000000000004,0.0012960000000000003,0.0,0.0,0.0,0.0017892900000000005,0.0,0.0,0.0,207.36,1
1593996755.1908877,28337,1574796277,76134920,navsat_link,2,1,40.66549903333333,-74.56416306166666,42.217,0.0012960000000000003,0.0,0.0,0.0,0.0017892900000000005,0.0,0.0,0.0,207.36,1
1593996755.3950458,28338,1574796277,280612945,navsat_link,2,1,40.66549762166667,-74.56416038833333,42.20400000000001,0.0012960000000000003,0.0,0.0,0.0,0.0017892900000000005,0.0,0.0,0.0,207.36,1
1593996755.6011174,28339,1574796277,486243009,navsat_link,2,1,40.66549631833333,-74.56415802,42.22,0.0012960000000000003,0.0,0.0,0.0,0.0017892900000000005,0.0,0.0,0.0,207.36,1
1593996755.7878025,28340,1574796277,673038005,navsat_link,2,1,40.665495048333334,-74.5641553,42.223,0.0012960000000000003,0.0,0.0,0.0,0.0017892900000000005,0.0,0.0,0.0,207.36,1
1593996756.0160108,28341,1574796277,901484012,navsat_link,2,1,40.66549351333333,-74.56415239,42.242000000000004,0.0012960000000000003,0.0,0.0,0.0,0.0017892900000000005,0.0,0.0,0.0,207.36,1
1593996756.193503,28342,1574796278,79133033,navsat_link,2,1,40.66549208333333,-74.56414986,42.217,0.0012960000000000003,0.0,0.0,0.0,0.0017892900000000005,0.0,0.0,0.0,207.36,1
1593996756.395625,28343,1574796278,281239986,navsat_link,2,1,40.665490731666665,-74.56414754166667,42.218,0.0012960000000000003,0.0,0.0,0.0,0.0017892900000000005,0.0,0.0,0.0,207.36,1
1593996756.5973423,28344,1574796278,482675075,navsat_link,2,1,40.665489155,-74.56414457833333,42.21300000000001,0.0012960000000000003,0.0,0.0,0.0,0.0017892900000000005,0.0,0.0,0.0,207.36,1
1593996756.803204,28345,1574796278,688015937,navsat_link,2,1,40.665488053333334,-74.56414213333333,42.19800000000001,0.0012960000000000003,0.0,0.0,0.0,0.00171396,0.0,0.0,0.0,207.36,1
1593996757.0257137,28346,1574796278,911195039,navsat_link,2,1,40.665486548333334,-74.56413938333333,42.184,0.0012960000000000003,0.0,0.0,0.0,0.00171396,0.0,0.0,0.0,207.36,1
1593996757.2006302,28347,1574796279,86116075,navsat_link,2,1,40.66548510333333,-74.56413654833334,42.161,0.0012960000000000003,0.0,0.0,0.0,0.00171396,0.0,0.0,0.0,207.36,1
1593996757.4036224,28348,1574796279,288687944,navsat_link,2,1,40.66548363333333,-74.5641342,42.214,0.0012960000000000003,0.0,0.0,0.0,0.00171396,0.0,0.0,0.0,207.36,1
1593996757.5960515,28349,1574796279,481457948,navsat_link,2,1,40.665482231666665,-74.56413147,42.205,0.0012960000000000003,0.0,0.0,0.0,0.00171396,0.0,0.0,0.0,207.36,1
1593996757.7937734,28350,1574796279,678920984,navsat_link,2,1,40.66548083,-74.564128855,42.176,0.0012960000000000003,0.0,0.0,0.0,0.00171396,0.0,0.0,0.0,207.36,1
1593996758.0209377,28351,1574796279,905752897,navsat_link,2,1,40.66547937833333,-74.564126075,42.168000000000006,0.0012960000000000003,0.0,0.0,0.0,0.00171396,0.0,0.0,0.0,207.36,1
1593996758.2013452,28352,1574796280,86615085,navsat_link,2,1,40.66547800166666,-74.56412363166666,42.095,0.0012960000000000003,0.0,0.0,0.0,0.00171396,0.0,0.0,0.0,207.36,1
1593996758.3981774,28353,1574796280,281981945,navsat_link,2,1,40.6654764,-74.56412103833334,42.135999999999996,0.0012960000000000003,0.0,0.0,0.0,0.00171396,0.0,0.0,0.0,207.36,1
1593996758.6008918,28354,1574796280,485337018,navsat_link,2,1,40.66547510666667,-74.56411857,42.17400000000001,0.0012960000000000003,0.0,0.0,0.0,0.00171396,0.0,0.0,0.0,207.36,1
1593996758.7990894,28355,1574796280,684410095,navsat_link,2,1,40.66547350333333,-74.56411604166667,42.19500000000001,0.0012960000000000003,0.0,0.0,0.0,0.00171396,0.0,0.0,0.0,207.36,1
1593996759.0166814,28356,1574796280,901920080,navsat_link,2,1,40.66547208,-74.56411348333333,42.119,0.0012960000000000003,0.0,0.0,0.0,0.00171396,0.0,0.0,0.0,207.36,1
1593996759.2014163,28357,1574796281,86735963,navsat_link,2,1,40.66547045666667,-74.56411091833333,42.17,0.0012960000000000003,0.0,0.0,0.0,0.00171396,0.0,0.0,0.0,207.36,1
1593996759.403836,28358,1574796281,288999080,navsat_link,2,1,40.66546905333333,-74.56410827166667,42.187,0.0012960000000000003,0.0,0.0,0.0,0.00171396,0.0,0.0,0.0,207.36,1
1593996759.6025434,28359,1574796281,487802028,navsat_link,2,1,40.66546770833333,-74.56410594,42.149,0.0012960000000000003,0.0,0.0,0.0,0.00171396,0.0,0.0,0.0,207.36,1
1593996759.7974482,28360,1574796281,682512998,navsat_link,2,1,40.665466466666665,-74.564103335,42.16,0.0012960000000000003,0.0,0.0,0.0,0.00171396,0.0,0.0,0.0,207.36,1
1593996760.0255089,28361,1574796281,910924911,navsat_link,2,1,40.6654652,-74.56410060833333,42.123000000000005,0.0012960000000000003,0.0,0.0,0.0,0.00171396,0.0,0.0,0.0,207.36,1
1593996760.2044277,28362,1574796282,89318037,navsat_link,2,1,40.665464138333334,-74.56409774166667,42.131,0.0012960000000000003,0.0,0.0,0.0,0.00171396,0.0,0.0,0.0,207.36,1
1593996760.4095275,28363,1574796282,294311046,navsat_link,2,1,40.66546307666667,-74.56409483833333,42.132999999999996,0.0012960000000000003,0.0,0.0,0.0,0.00171396,0.0,0.0,0.0,207.36,1
1593996760.5971758,28364,1574796282,482414007,navsat_link,2,1,40.66546210333333,-74.56409185,42.093,0.0012960000000000003,0.0,0.0,0.0,0.00171396,0.0,0.0,0.0,207.36,1
1593996760.7956898,28365,1574796282,680809974,navsat_link,2,1,40.66546134666667,-74.56408898,42.09,0.0012960000000000003,0.0,0.0,0.0,0.00171396,0.0,0.0,0.0,207.36,1
1593996761.0063577,28366,1574796282,890847921,navsat_link,2,1,40.66546011333333,-74.56408621666667,42.081,0.0012960000000000003,0.0,0.0,0.0,0.00171396,0.0,0.0,0.0,207.36,1
1593996761.2045367,28367,1574796283,89144945,navsat_link,2,1,40.66545912,-74.56408314,42.123000000000005,0.0012960000000000003,0.0,0.0,0.0,0.00171396,0.0,0.0,0.0,207.36,1
1593996761.405482,28368,1574796283,289983987,navsat_link,2,1,40.66545810666667,-74.56408028333334,42.096000000000004,0.0012960000000000003,0.0,0.0,0.0,0.00171396,0.0,0.0,0.0,207.36,1
1593996761.6003811,28369,1574796283,485335111,navsat_link,2,1,40.665457430000004,-74.564077375,42.038,0.0012960000000000003,0.0,0.0,0.0,0.00171396,0.0,0.0,0.0,207.36,1
1593996761.798471,28370,1574796283,683557033,navsat_link,2,1,40.66545624333333,-74.56407431333334,42.048,0.0012960000000000003,0.0,0.0,0.0,0.00171396,0.0,0.0,0.0,207.36,1
1593996762.0013154,28371,1574796283,885251998,navsat_link,2,1,40.66545508,-74.56407162333333,42.042,0.0012960000000000003,0.0,0.0,0.0,0.00171396,0.0,0.0,0.0,207.36,1
1593996762.2023952,28372,1574796284,86731910,navsat_link,2,1,40.665453955,-74.56406864166667,42.038,0.0012960000000000003,0.0,0.0,0.0,0.00171396,0.0,0.0,0.0,207.36,1
1593996762.4027503,28373,1574796284,287547111,navsat_link,2,1,40.665452396666666,-74.56406614,42.04600000000001,0.0012960000000000003,0.0,0.0,0.0,0.00171396,0.0,0.0,0.0,207.36,1
1593996762.5969033,28374,1574796284,481514930,navsat_link,2,1,40.66545096833333,-74.564063475,42.086,0.0012960000000000003,0.0,0.0,0.0,0.00171396,0.0,0.0,0.0,207.36,1
1593996762.7961009,28375,1574796284,678457975,navsat_link,2,1,40.66544928,-74.564061215,42.084,0.0012960000000000003,0.0,0.0,0.0,0.00171396,0.0,0.0,0.0,207.36,1
1593996762.9971035,28376,1574796284,881769895,navsat_link,2,1,40.665447756666666,-74.564058625,42.105999999999995,0.0012960000000000003,0.0,0.0,0.0,0.00171396,0.0,0.0,0.0,207.36,1
1593996763.1949375,28377,1574796285,80260038,navsat_link,2,1,40.66544624,-74.56405610166667,42.102999999999994,0.0012960000000000003,0.0,0.0,0.0,0.00171396,0.0,0.0,0.0,207.36,1
1593996763.3892004,28378,1574796285,274713993,navsat_link,2,1,40.66544467166667,-74.564053755,42.05500000000001,0.0012960000000000003,0.0,0.0,0.0,0.00171396,0.0,0.0,0.0,207.36,1
1593996763.6025329,28379,1574796285,487215995,navsat_link,2,1,40.665443141666664,-74.56405145333333,42.048,0.0012960000000000003,0.0,0.0,0.0,0.00171396,0.0,0.0,0.0,207.36,1
1593996763.7917209,28380,1574796285,677190065,navsat_link,2,1,40.665441765,-74.56404884833333,42.06100000000001,0.0012960000000000003,0.0,0.0,0.0,0.00171396,0.0,0.0,0.0,207.36,1
1593996763.9977684,28381,1574796285,882627010,navsat_link,2,1,40.66544051,-74.56404611,42.015,0.0012960000000000003,0.0,0.0,0.0,0.00171396,0.0,0.0,0.0,207.36,1
1593996764.1946967,28382,1574796286,80288887,navsat_link,2,1,40.66543938,-74.56404314833334,41.988,0.0012960000000000003,0.0,0.0,0.0,0.00171396,0.0,0.0,0.0,207.36,1
1593996764.3983967,28383,1574796286,283554077,navsat_link,2,1,40.66543809,-74.56404034333333,42.032,0.0012960000000000003,0.0,0.0,0.0,0.00171396,0.0,0.0,0.0,207.36,1
1593996764.5970206,28384,1574796286,482032060,navsat_link,2,1,40.66543685833334,-74.56403740833333,42.041,0.0012960000000000003,0.0,0.0,0.0,0.00171396,0.0,0.0,0.0,207.36,1
1593996764.7913435,28385,1574796286,676721096,navsat_link,2,1,40.665435988333336,-74.564034535,42.034000000000006,0.0012960000000000003,0.0,0.0,0.0,0.00171396,0.0,0.0,0.0,207.36,1
1593996764.984146,28386,1574796286,869422912,navsat_link,2,1,40.66543521166667,-74.56403151,42.040000000000006,0.0012960000000000003,0.0,0.0,0.0,0.00171396,0.0,0.0,0.0,207.36,1
1593996765.2078762,28387,1574796287,92921018,navsat_link,2,1,40.665434175,-74.56402859333333,42.04600000000001,0.0012960000000000003,0.0,0.0,0.0,0.00171396,0.0,0.0,0.0,207.36,1
1593996765.3988912,28388,1574796287,284008026,navsat_link,2,1,40.665433228333335,-74.56402566666667,42.072,0.0012960000000000003,0.0,0.0,0.0,0.00171396,0.0,0.0,0.0,207.36,1
1593996765.5912237,28389,1574796287,476531028,navsat_link,2,1,40.665432413333335,-74.56402249166666,42.07900000000001,0.0012960000000000003,0.0,0.0,0.0,0.00171396,0.0,0.0,0.0,207.36,1
1593996765.783905,28390,1574796287,669285058,navsat_link,2,1,40.665431475,-74.56401959,42.045,0.0012960000000000003,0.0,0.0,0.0,0.00171396,0.0,0.0,0.0,207.36,1
1593996765.9892,28391,1574796287,874634981,navsat_link,2,1,40.665430656666665,-74.56401674333334,42.024,0.0012960000000000003,0.0,0.0,0.0,0.00171396,0.0,0.0,0.0,207.36,1
1593996766.229199,28392,1574796288,113812923,navsat_link,2,1,40.66542965833333,-74.56401359166667,42.031000000000006,0.0012960000000000003,0.0,0.0,0.0,0.00171396,0.0,0.0,0.0,207.36,1
1593996766.3870425,28393,1574796288,272607088,navsat_link,2,1,40.66542874,-74.56401104333334,42.007999999999996,0.0012960000000000003,0.0,0.0,0.0,0.00171396,0.0,0.0,0.0,207.36,1
1593996766.5932848,28394,1574796288,478656053,navsat_link,2,1,40.66542761833333,-74.56400795166667,41.979,0.0012960000000000003,0.0,0.0,0.0,0.00171396,0.0,0.0,0.0,207.36,1
1593996766.7905812,28395,1574796288,675892114,navsat_link,2,1,40.66542634333334,-74.564005445,42.022000000000006,0.0012960000000000003,0.0,0.0,0.0,0.00171396,0.0,0.0,0.0,207.36,1
1593996766.995031,28396,1574796288,880513906,navsat_link,2,1,40.66542551,-74.56400214666667,42.038,0.0012960000000000003,0.0,0.0,0.0,0.00171396,0.0,0.0,0.0,207.36,1
1593996767.2034986,28397,1574796289,88634967,navsat_link,2,1,40.665424601666665,-74.56399930833334,42.001999999999995,0.0012960000000000003,0.0,0.0,0.0,0.00171396,0.0,0.0,0.0,207.36,1
1593996767.3869584,28398,1574796289,272082090,navsat_link,2,1,40.66542342,-74.56399628666667,42.010999999999996,0.0012960000000000003,0.0,0.0,0.0,0.00171396,0.0,0.0,0.0,207.36,1
1593996767.5958974,28399,1574796289,481323003,navsat_link,2,1,40.6654224,-74.563993305,42.043000000000006,0.0012960000000000003,0.0,0.0,0.0,0.00171396,0.0,0.0,0.0,207.36,1
1593996767.7955961,28400,1574796289,676978111,navsat_link,2,1,40.66542136666666,-74.56399055333333,42.043000000000006,0.0012960000000000003,0.0,0.0,0.0,0.00171396,0.0,0.0,0.0,207.36,1
1593996768.0026867,28401,1574796289,887824058,navsat_link,2,1,40.665420345,-74.56398749833333,42.053,0.0012960000000000003,0.0,0.0,0.0,0.00171396,0.0,0.0,0.0,207.36,1
1593996768.2145681,28402,1574796290,99575996,navsat_link,2,1,40.66541930166667,-74.56398475333333,42.037000000000006,0.0012960000000000003,0.0,0.0,0.0,0.00171396,0.0,0.0,0.0,207.36,1
1593996768.3905513,28403,1574796290,275711059,navsat_link,2,1,40.66541814666667,-74.56398193666666,42.034000000000006,0.0012960000000000003,0.0,0.0,0.0,0.00171396,0.0,0.0,0.0,207.36,1
1593996768.5895522,28404,1574796290,473948001,navsat_link,2,1,40.665417051666665,-74.563979115,42.081,0.0012960000000000003,0.0,0.0,0.0,0.00171396,0.0,0.0,0.0,207.36,1
1593996768.792038,28405,1574796290,676985025,navsat_link,2,1,40.66541603833333,-74.56397625,42.06400000000001,0.0012960000000000003,0.0,0.0,0.0,0.00171396,0.0,0.0,0.0,207.36,1
1593996768.9906788,28406,1574796290,875973939,navsat_link,2,1,40.66541498833333,-74.56397315333334,42.099000000000004,0.0012960000000000003,0.0,0.0,0.0,0.00171396,0.0,0.0,0.0,207.36,1
1593996769.2131019,28407,1574796291,98472118,navsat_link,2,1,40.66541384833333,-74.563970425,42.051,0.0012960000000000003,0.0,0.0,0.0,0.00171396,0.0,0.0,0.0,207.36,1
1593996769.3914702,28408,1574796291,276417970,navsat_link,2,1,40.665412835,-74.56396754833334,42.072,0.0012960000000000003,0.0,0.0,0.0,0.00171396,0.0,0.0,0.0,207.36,1
1593996769.5945194,28409,1574796291,479820013,navsat_link,2,1,40.665411813333336,-74.56396483666667,42.07600000000001,0.0012960000000000003,0.0,0.0,0.0,0.00171396,0.0,0.0,0.0,207.36,1
1593996769.793112,28410,1574796291,677234888,navsat_link,2,1,40.665410736666665,-74.56396184166667,42.068,0.0012960000000000003,0.0,0.0,0.0,0.00171396,0.0,0.0,0.0,207.36,1
1593996769.9958284,28411,1574796291,880717039,navsat_link,2,1,40.66540950833333,-74.563958895,42.077,0.0012960000000000003,0.0,0.0,0.0,0.00171396,0.0,0.0,0.0,207.36,1
1593996770.2106404,28412,1574796292,96012115,navsat_link,2,1,40.66540843833333,-74.56395608333334,42.08800000000001,0.00123201,0.0,0.0,0.0,0.00171396,0.0,0.0,0.0,207.36,1
1593996770.4111214,28413,1574796292,296416044,navsat_link,2,1,40.66540735666667,-74.563953225,42.065,0.0012960000000000003,0.0,0.0,0.0,0.00171396,0.0,0.0,0.0,207.36,1
1593996770.597677,28414,1574796292,483165979,navsat_link,2,1,40.66540627,-74.563950305,42.08,0.00123201,0.0,0.0,0.0,0.00171396,0.0,0.0,0.0,207.36,1
1593996770.7968767,28415,1574796292,681930065,navsat_link,2,1,40.665405125,-74.56394740166667,42.05800000000001,0.00123201,0.0,0.0,0.0,0.00171396,0.0,0.0,0.0,207.36,1
1593996770.9927778,28416,1574796292,877306938,navsat_link,2,1,40.665404063333334,-74.56394459333333,42.044,0.00123201,0.0,0.0,0.0,0.00171396,0.0,0.0,0.0,207.36,1
1593996771.2088354,28417,1574796293,94157934,navsat_link,2,1,40.66540288666667,-74.56394165333333,42.048,0.00123201,0.0,0.0,0.0,0.00171396,0.0,0.0,0.0,207.36,1
1593996771.3864107,28418,1574796293,271511077,navsat_link,2,1,40.665401865,-74.56393875666667,42.056,0.00123201,0.0,0.0,0.0,0.00171396,0.0,0.0,0.0,207.36,1
1593996771.5948756,28419,1574796293,479756116,navsat_link,2,1,40.66540072833333,-74.56393578333333,42.06700000000001,0.00123201,0.0,0.0,0.0,0.00171396,0.0,0.0,0.0,207.36,1
1593996771.7996867,28420,1574796293,682813882,navsat_link,2,1,40.6653998,-74.56393292,42.051,0.00123201,0.0,0.0,0.0,0.00171396,0.0,0.0,0.0,207.36,1
1593996771.9937925,28421,1574796293,878803014,navsat_link,2,1,40.66539869166667,-74.56393003,42.077,0.00123201,0.0,0.0,0.0,0.00164025,0.0,0.0,0.0,207.36,1
1593996772.1997695,28422,1574796294,84603071,navsat_link,2,1,40.66539753,-74.563927275,42.042,0.00123201,0.0,0.0,0.0,0.00164025,0.0,0.0,0.0,207.36,1
1593996772.3990045,28423,1574796294,284204959,navsat_link,2,1,40.66539658833333,-74.56392435333333,42.047,0.00123201,0.0,0.0,0.0,0.00164025,0.0,0.0,0.0,207.36,1
1593996772.5959551,28424,1574796294,480958938,navsat_link,2,1,40.665395505,-74.56392152833334,42.013000000000005,0.00123201,0.0,0.0,0.0,0.00164025,0.0,0.0,0.0,207.36,1
1593996772.790539,28425,1574796294,675743103,navsat_link,2,1,40.665394436666666,-74.56391861333333,42.021,0.00123201,0.0,0.0,0.0,0.00164025,0.0,0.0,0.0,207.36,1
1593996772.9950197,28426,1574796294,880244016,navsat_link,2,1,40.665393375,-74.56391566666667,42.044,0.00123201,0.0,0.0,0.0,0.00164025,0.0,0.0,0.0,207.36,1
1593996773.1904757,28427,1574796295,75886011,navsat_link,2,1,40.665392401666665,-74.56391279666667,42.022999999999996,0.00123201,0.0,0.0,0.0,0.00164025,0.0,0.0,0.0,207.36,1
1593996773.3883717,28428,1574796295,273236989,navsat_link,2,1,40.66539122333333,-74.563909745,42.062,0.00123201,0.0,0.0,0.0,0.00164025,0.0,0.0,0.0,207.36,1
1593996773.5950804,28429,1574796295,480137109,navsat_link,2,1,40.66539009833333,-74.56390706666667,42.074,0.00123201,0.0,0.0,0.0,0.00164025,0.0,0.0,0.0,207.36,1
1593996773.791166,28430,1574796295,676599025,navsat_link,2,1,40.66538899333333,-74.56390426666667,42.053,0.00123201,0.0,0.0,0.0,0.00164025,0.0,0.0,0.0,207.36,1
1593996773.9907844,28431,1574796295,876106023,navsat_link,2,1,40.66538792,-74.56390134333333,42.057,0.00123201,0.0,0.0,0.0,0.00164025,0.0,0.0,0.0,207.36,1
1593996774.1985245,28432,1574796296,83914041,navsat_link,2,1,40.665386815,-74.56389849,42.036,0.00123201,0.0,0.0,0.0,0.00164025,0.0,0.0,0.0,207.36,1
1593996774.4033499,28433,1574796296,288165092,navsat_link,2,1,40.665385775,-74.56389537166666,42.072,0.00123201,0.0,0.0,0.0,0.00164025,0.0,0.0,0.0,207.36,1
1593996774.5871031,28434,1574796296,472430944,navsat_link,2,1,40.665384458333335,-74.56389279333334,42.054,0.00123201,0.0,0.0,0.0,0.00164025,0.0,0.0,0.0,207.36,1
1593996774.7913451,28435,1574796296,676676988,navsat_link,2,1,40.66538329833333,-74.56389000166666,42.028000000000006,0.00123201,0.0,0.0,0.0,0.00164025,0.0,0.0,0.0,207.36,1
1593996774.9868255,28436,1574796296,872242927,navsat_link,2,1,40.665382228333335,-74.563887035,42.051,0.00123201,0.0,0.0,0.0,0.00164025,0.0,0.0,0.0,207.36,1
1593996775.1937099,28437,1574796297,78664064,navsat_link,2,1,40.665381073333336,-74.56388418,42.036,0.00123201,0.0,0.0,0.0,0.00164025,0.0,0.0,0.0,207.36,1
1593996775.405947,28438,1574796297,290919065,navsat_link,2,1,40.665379985,-74.56388124,42.003,0.00123201,0.0,0.0,0.0,0.00164025,0.0,0.0,0.0,207.36,1
1593996775.5906239,28439,1574796297,476129055,navsat_link,2,1,40.665378845,-74.56387847333333,42.013000000000005,0.00123201,0.0,0.0,0.0,0.00164025,0.0,0.0,0.0,207.36,1
1593996775.7881427,28440,1574796297,673616886,navsat_link,2,1,40.66537774166667,-74.56387553,42.043000000000006,0.00123201,0.0,0.0,0.0,0.00164025,0.0,0.0,0.0,207.36,1
1593996775.999773,28441,1574796297,884537935,navsat_link,2,1,40.665376783333336,-74.56387261333333,42.007999999999996,0.00123201,0.0,0.0,0.0,0.00164025,0.0,0.0,0.0,207.36,1
1593996776.198322,28442,1574796298,83986043,navsat_link,2,1,40.665375768333334,-74.56386991166667,41.974999999999994,0.00123201,0.0,0.0,0.0,0.00164025,0.0,0.0,0.0,207.36,1
1593996776.4063916,28443,1574796298,291526079,navsat_link,2,1,40.665374568333334,-74.56386681,41.974999999999994,0.00123201,0.0,0.0,0.0,0.00164025,0.0,0.0,0.0,207.36,1
1593996776.5877044,28444,1574796298,472543001,navsat_link,2,1,40.66537350666667,-74.56386386833333,42.004000000000005,0.00123201,0.0,0.0,0.0,0.00164025,0.0,0.0,0.0,207.36,1
1593996776.7903373,28445,1574796298,675854921,navsat_link,2,1,40.665372473333335,-74.56386106833334,41.991,0.00123201,0.0,0.0,0.0,0.00164025,0.0,0.0,0.0,207.36,1
1593996776.9878201,28446,1574796298,873395919,navsat_link,2,1,40.665371328333336,-74.56385827333334,41.983000000000004,0.00123201,0.0,0.0,0.0,0.00164025,0.0,0.0,0.0,207.36,1
1593996777.187458,28447,1574796299,72535991,navsat_link,2,1,40.66537011,-74.56385544,41.96000000000001,0.00123201,0.0,0.0,0.0,0.00164025,0.0,0.0,0.0,207.36,1
1593996777.408344,28448,1574796299,293977975,navsat_link,2,1,40.66536903833333,-74.56385256333333,41.973,0.00123201,0.0,0.0,0.0,0.00164025,0.0,0.0,0.0,207.36,1
1593996777.5920682,28449,1574796299,474117994,navsat_link,2,1,40.665368045,-74.56384974333334,41.96300000000001,0.00123201,0.0,0.0,0.0,0.00164025,0.0,0.0,0.0,207.36,1
1593996777.7961516,28450,1574796299,681348085,navsat_link,2,1,40.66536693,-74.56384693,41.964,0.00123201,0.0,0.0,0.0,0.00164025,0.0,0.0,0.0,207.36,1
1593996777.9956477,28451,1574796299,880592107,navsat_link,2,1,40.665366201666664,-74.56384444166666,41.968,0.00123201,0.0,0.0,0.0,0.00164025,0.0,0.0,0.0,207.36,1
1593996778.1922038,28452,1574796300,77092885,navsat_link,2,1,40.665365386666664,-74.56384132,41.953,0.00123201,0.0,0.0,0.0,0.00164025,0.0,0.0,0.0,207.36,1
1593996778.3948133,28453,1574796300,280200004,navsat_link,2,1,40.66536472333333,-74.563838115,41.962,0.00123201,0.0,0.0,0.0,0.00164025,0.0,0.0,0.0,207.36,1
1593996778.597938,28454,1574796300,483182907,navsat_link,2,1,40.66536413833333,-74.56383509666666,41.934,0.00123201,0.0,0.0,0.0,0.00164025,0.0,0.0,0.0,207.36,1
1593996778.7950478,28455,1574796300,680560111,navsat_link,2,1,40.66536359333333,-74.563831885,41.934,0.00123201,0.0,0.0,0.0,0.00164025,0.0,0.0,0.0,207.36,1
1593996778.9916823,28456,1574796300,877139091,navsat_link,2,1,40.66536318833333,-74.56382878333334,41.93000000000001,0.00123201,0.0,0.0,0.0,0.00164025,0.0,0.0,0.0,207.36,1
1593996779.198782,28457,1574796301,84429025,navsat_link,2,1,40.665362861666665,-74.56382567833333,41.896,0.00123201,0.0,0.0,0.0,0.00164025,0.0,0.0,0.0,207.36,1
1593996779.3944674,28458,1574796301,279505014,navsat_link,2,1,40.66536249833333,-74.56382235166667,41.908,0.00123201,0.0,0.0,0.0,0.00164025,0.0,0.0,0.0,207.36,1
1593996779.5923214,28459,1574796301,477947950,navsat_link,2,1,40.665361995,-74.563819125,41.911,0.00123201,0.0,0.0,0.0,0.00164025,0.0,0.0,0.0,207.36,1
1593996779.7942438,28460,1574796301,679065942,navsat_link,2,1,40.665361455,-74.56381603666667,41.879000000000005,0.00123201,0.0,0.0,0.0,0.00164025,0.0,0.0,0.0,207.36,1
1593996779.9901175,28461,1574796301,875483989,navsat_link,2,1,40.665360846666665,-74.56381299,41.885000000000005,0.00123201,0.0,0.0,0.0,0.00164025,0.0,0.0,0.0,207.36,1
1593996780.1973786,28462,1574796302,82897901,navsat_link,2,1,40.665360285,-74.56380977666667,41.879000000000005,0.00123201,0.0,0.0,0.0,0.00164025,0.0,0.0,0.0,207.36,1
1593996780.406784,28463,1574796302,291970968,navsat_link,2,1,40.66535946,-74.56380661166666,41.873999999999995,0.00123201,0.0,0.0,0.0,0.00164025,0.0,0.0,0.0,207.36,1
1593996780.594653,28464,1574796302,479562997,navsat_link,2,1,40.665358721666664,-74.56380364666667,41.848,0.00123201,0.0,0.0,0.0,0.00164025,0.0,0.0,0.0,207.36,1
1593996780.8044724,28465,1574796302,689589977,navsat_link,2,1,40.66535783,-74.563800645,41.836,0.00123201,0.0,0.0,0.0,0.00164025,0.0,0.0,0.0,207.36,1
1593996780.9938066,28466,1574796302,878966093,navsat_link,2,1,40.66535696166667,-74.56379761333334,41.842,0.00123201,0.0,0.0,0.0,0.00164025,0.0,0.0,0.0,207.36,1
1593996781.195186,28467,1574796303,79432010,navsat_link,2,1,40.665356001666666,-74.56379472166667,41.855000000000004,0.00123201,0.0,0.0,0.0,0.00164025,0.0,0.0,0.0,207.36,1
1593996781.4013944,28468,1574796303,286375045,navsat_link,2,1,40.665355025,-74.56379179166667,41.83800000000001,0.00123201,0.0,0.0,0.0,0.00164025,0.0,0.0,0.0,207.36,1
1593996781.6026163,28469,1574796303,487968921,navsat_link,2,1,40.66535394,-74.56378893333333,41.81,0.00123201,0.0,0.0,0.0,0.00164025,0.0,0.0,0.0,207.36,1
1593996781.796196,28470,1574796303,681144952,navsat_link,2,1,40.66535300666666,-74.56378597666667,41.804,0.00123201,0.0,0.0,0.0,0.00164025,0.0,0.0,0.0,207.36,1
1593996781.9959896,28471,1574796303,881102085,navsat_link,2,1,40.66535182166667,-74.56378323666667,41.8,0.00123201,0.0,0.0,0.0,0.00164025,0.0,0.0,0.0,207.36,1
1593996782.2027202,28472,1574796304,87909936,navsat_link,2,1,40.665350606666664,-74.56378070833334,41.769000000000005,0.00123201,0.0,0.0,0.0,0.00164025,0.0,0.0,0.0,207.36,1
1593996782.3935323,28473,1574796304,278585910,navsat_link,2,1,40.66534983333333,-74.56377894666667,41.775999999999996,0.00123201,0.0,0.0,0.0,0.00164025,0.0,0.0,0.0,207.36,1
1593996782.5978625,28474,1574796304,482692956,navsat_link,2,1,40.665349283333335,-74.56377725166666,41.747,0.00123201,0.0,0.0,0.0,0.00164025,0.0,0.0,0.0,207.36,1
1593996782.7970877,28475,1574796304,681437969,navsat_link,2,1,40.66534892166667,-74.56377644,41.754999999999995,0.00123201,0.0,0.0,0.0,0.00164025,0.0,0.0,0.0,207.36,1
1593996782.997688,28476,1574796304,881716966,navsat_link,2,1,40.66534883833334,-74.56377485833333,41.741,0.00123201,0.0,0.0,0.0,0.00164025,0.0,0.0,0.0,207.36,1
1593996783.2041247,28477,1574796305,87977886,navsat_link,2,1,40.66534884666667,-74.56377254333333,41.745000000000005,0.00123201,0.0,0.0,0.0,0.00164025,0.0,0.0,0.0,207.36,1
1593996783.403984,28478,1574796305,288400888,navsat_link,2,1,40.66534875,-74.56376935833333,41.745999999999995,0.00123201,0.0,0.0,0.0,0.00164025,0.0,0.0,0.0,207.36,1
1593996783.6049035,28479,1574796305,487917900,navsat_link,2,1,40.66534876,-74.56376609833333,41.748999999999995,0.00123201,0.0,0.0,0.0,0.00164025,0.0,0.0,0.0,207.36,1
1593996783.8016238,28480,1574796305,686351060,navsat_link,2,1,40.665348718333334,-74.56376282666666,41.71600000000001,0.00123201,0.0,0.0,0.0,0.00164025,0.0,0.0,0.0,207.36,1
1593996783.998172,28481,1574796305,883363962,navsat_link,2,1,40.665348673333334,-74.56375956166667,41.708,0.00123201,0.0,0.0,0.0,0.00164025,0.0,0.0,0.0,207.36,1
1593996784.210518,28482,1574796306,95534086,navsat_link,2,1,40.66534860833333,-74.563756235,41.699,0.00123201,0.0,0.0,0.0,0.00164025,0.0,0.0,0.0,207.36,1
1593996784.4031599,28483,1574796306,288137912,navsat_link,2,1,40.66534841666667,-74.563753045,41.69500000000001,0.00123201,0.0,0.0,0.0,0.0015681599999999996,0.0,0.0,0.0,207.36,1
1593996784.6162508,28484,1574796306,500777006,navsat_link,2,1,40.665348091666665,-74.56374998166666,41.67,0.00123201,0.0,0.0,0.0,0.0015681599999999996,0.0,0.0,0.0,207.36,1
1593996784.802461,28485,1574796306,687284946,navsat_link,2,1,40.6653478,-74.56374672833333,41.641999999999996,0.00123201,0.0,0.0,0.0,0.0015681599999999996,0.0,0.0,0.0,207.36,1
1593996785.0033202,28486,1574796306,888294935,navsat_link,2,1,40.66534752166667,-74.56374353666666,41.637,0.00123201,0.0,0.0,0.0,0.0015681599999999996,0.0,0.0,0.0,207.36,1
1593996785.1984637,28487,1574796307,82964897,navsat_link,2,1,40.66534721,-74.56374036833333,41.619,0.00123201,0.0,0.0,0.0,0.0015681599999999996,0.0,0.0,0.0,207.36,1
1593996785.3964646,28488,1574796307,281578063,navsat_link,2,1,40.66534686333333,-74.56373713333333,41.617000000000004,0.00116964,0.0,0.0,0.0,0.0015681599999999996,0.0,0.0,0.0,207.36,1
1593996785.6115527,28489,1574796307,496646881,navsat_link,2,1,40.66534661666667,-74.56373388,41.599000000000004,0.00116964,0.0,0.0,0.0,0.0015681599999999996,0.0,0.0,0.0,207.36,1
1593996785.7949986,28490,1574796307,680073976,navsat_link,2,1,40.66534648,-74.56373058333334,41.58,0.00116964,0.0,0.0,0.0,0.0015681599999999996,0.0,0.0,0.0,207.36,1
1593996785.9916446,28491,1574796307,877000093,navsat_link,2,1,40.66534631166667,-74.56372743,41.545,0.00116964,0.0,0.0,0.0,0.0015681599999999996,0.0,0.0,0.0,207.36,1
1593996786.202797,28492,1574796308,88077068,navsat_link,2,1,40.66534610833333,-74.563724195,41.53,0.00116964,0.0,0.0,0.0,0.0015681599999999996,0.0,0.0,0.0,207.36,1
1593996786.3966062,28493,1574796308,281512975,navsat_link,2,1,40.66534589333333,-74.56372095333333,41.515,0.00116964,0.0,0.0,0.0,0.0015681599999999996,0.0,0.0,0.0,207.36,1
1593996786.606669,28494,1574796308,492214918,navsat_link,2,1,40.66534563333333,-74.563717855,41.489000000000004,0.00116964,0.0,0.0,0.0,0.0015681599999999996,0.0,0.0,0.0,207.36,1
1593996786.7907443,28495,1574796308,675898075,navsat_link,2,1,40.66534519333333,-74.56371474333334,41.480000000000004,0.00116964,0.0,0.0,0.0,0.0015681599999999996,0.0,0.0,0.0,207.36,1
1593996786.9908042,28496,1574796308,876324892,navsat_link,2,1,40.66534453166667,-74.56371148666666,41.452,0.00116964,0.0,0.0,0.0,0.0015681599999999996,0.0,0.0,0.0,207.36,1
1593996787.2001662,28497,1574796309,85098028,navsat_link,2,1,40.66534376166667,-74.56370851666667,41.417,0.00116964,0.0,0.0,0.0,0.0015681599999999996,0.0,0.0,0.0,207.36,1
1593996787.3971963,28498,1574796309,282912015,navsat_link,2,1,40.66534287166667,-74.56370536333333,41.42400000000001,0.00116964,0.0,0.0,0.0,0.0015681599999999996,0.0,0.0,0.0,207.36,1
1593996787.606386,28499,1574796309,491585016,navsat_link,2,1,40.66534193166667,-74.56370236166667,41.393,0.00116964,0.0,0.0,0.0,0.0015681599999999996,0.0,0.0,0.0,207.36,1
1593996787.7985256,28500,1574796309,683984994,navsat_link,2,1,40.665340928333336,-74.56369952333333,41.393,0.00116964,0.0,0.0,0.0,0.0015681599999999996,0.0,0.0,0.0,207.36,1
1593996788.0023801,28501,1574796309,887248992,navsat_link,2,1,40.66533979166667,-74.56369661,41.355999999999995,0.00116964,0.0,0.0,0.0,0.0015681599999999996,0.0,0.0,0.0,207.36,1
1593996788.2023444,28502,1574796310,87843894,navsat_link,2,1,40.665338575,-74.56369382833333,41.355000000000004,0.00116964,0.0,0.0,0.0,0.0015681599999999996,0.0,0.0,0.0,207.36,1
1593996788.4002848,28503,1574796310,285521030,navsat_link,2,1,40.66533735,-74.56369111,41.349999999999994,0.00116964,0.0,0.0,0.0,0.0015681599999999996,0.0,0.0,0.0,207.36,1
1593996788.626753,28504,1574796310,511691093,navsat_link,2,1,40.66533619333333,-74.56368834166666,41.322,0.00116964,0.0,0.0,0.0,0.0015681599999999996,0.0,0.0,0.0,207.36,1
1593996788.7973912,28505,1574796310,682328939,navsat_link,2,1,40.665335051666666,-74.56368550333333,41.29900000000001,0.00116964,0.0,0.0,0.0,0.0015681599999999996,0.0,0.0,0.0,207.36,1
1593996788.9955652,28506,1574796310,880673885,navsat_link,2,1,40.66533377,-74.56368274666667,41.287000000000006,0.00116964,0.0,0.0,0.0,0.0015681599999999996,0.0,0.0,0.0,207.36,1
1593996789.2050653,28507,1574796311,90492010,navsat_link,2,1,40.66533271,-74.563679965,41.247,0.00116964,0.0,0.0,0.0,0.0015681599999999996,0.0,0.0,0.0,207.36,1
1593996789.3949265,28508,1574796311,280405044,navsat_link,2,1,40.66533149166666,-74.56367714,41.260000000000005,0.00116964,0.0,0.0,0.0,0.0015681599999999996,0.0,0.0,0.0,207.36,1
1593996789.603327,28509,1574796311,488480091,navsat_link,2,1,40.6653304,-74.56367425833334,41.223,0.00116964,0.0,0.0,0.0,0.0015681599999999996,0.0,0.0,0.0,207.36,1
1593996789.7948134,28510,1574796311,679925918,navsat_link,2,1,40.665329335,-74.56367148333334,41.209,0.00116964,0.0,0.0,0.0,0.0015681599999999996,0.0,0.0,0.0,207.36,1
1593996789.993276,28511,1574796311,878884077,navsat_link,2,1,40.665327985,-74.56366875333333,41.229,0.00116964,0.0,0.0,0.0,0.0015681599999999996,0.0,0.0,0.0,207.36,1
1593996790.19479,28512,1574796312,80243110,navsat_link,2,1,40.66532685,-74.56366614833334,41.227999999999994,0.00116964,0.0,0.0,0.0,0.00164025,0.0,0.0,0.0,207.36,1
1593996790.3963454,28513,1574796312,281385898,navsat_link,2,1,40.66532571166667,-74.56366343833334,41.215,0.00116964,0.0,0.0,0.0,0.0015681599999999996,0.0,0.0,0.0,207.36,1
1593996790.59591,28514,1574796312,481000900,navsat_link,2,1,40.66532452,-74.56366038,41.18300000000001,0.00116964,0.0,0.0,0.0,0.0015681599999999996,0.0,0.0,0.0,207.36,1
1593996790.7919447,28515,1574796312,677448034,navsat_link,2,1,40.665323195,-74.563657645,41.181,0.00116964,0.0,0.0,0.0,0.0015681599999999996,0.0,0.0,0.0,207.36,1
1593996791.006527,28516,1574796312,891802072,navsat_link,2,1,40.665322005,-74.56365581,41.179,0.00116964,0.0,0.0,0.0,0.0015681599999999996,0.0,0.0,0.0,207.36,1
1593996791.197438,28517,1574796313,82700967,navsat_link,2,1,40.66532081,-74.56365376833334,41.149,0.00116964,0.0,0.0,0.0,0.0015681599999999996,0.0,0.0,0.0,207.36,1
1593996791.396495,28518,1574796313,281990051,navsat_link,2,1,40.665318945,-74.56365201333334,41.21000000000001,0.00116964,0.0,0.0,0.0,0.0015681599999999996,0.0,0.0,0.0,207.36,1
1593996791.598351,28519,1574796313,483680009,navsat_link,2,1,40.66531719166667,-74.56364980166667,41.224999999999994,0.00116964,0.0,0.0,0.0,0.0015681599999999996,0.0,0.0,0.0,207.36,1
1593996791.8086631,28520,1574796313,693792104,navsat_link,2,1,40.66531535833333,-74.56364746166666,41.224000000000004,0.00116964,0.0,0.0,0.0,0.0015681599999999996,0.0,0.0,0.0,207.36,1
1593996791.993687,28521,1574796313,878777980,navsat_link,2,1,40.665313581666666,-74.56364554833333,41.19,0.00116964,0.0,0.0,0.0,0.0015681599999999996,0.0,0.0,0.0,207.36,1
1593996792.2131839,28522,1574796314,98206043,navsat_link,2,1,40.665311725,-74.56364313833333,41.18900000000001,0.00116964,0.0,0.0,0.0,0.0015681599999999996,0.0,0.0,0.0,207.36,1
1593996792.3975112,28523,1574796314,282522916,navsat_link,2,1,40.66530998166667,-74.56364091166667,41.135000000000005,0.00116964,0.0,0.0,0.0,0.0015681599999999996,0.0,0.0,0.0,207.36,1
1593996792.5997458,28524,1574796314,484855890,navsat_link,2,1,40.66530829166667,-74.56363876,41.138000000000005,0.00116964,0.0,0.0,0.0,0.0015681599999999996,0.0,0.0,0.0,207.36,1
1593996792.7985694,28525,1574796314,683661937,navsat_link,2,1,40.665306558333334,-74.56363684,41.168000000000006,0.00116964,0.0,0.0,0.0,0.0015681599999999996,0.0,0.0,0.0,207.36,1
1593996792.9977744,28526,1574796314,881783008,navsat_link,2,1,40.665305118333336,-74.56363526333334,41.20100000000001,0.00116964,0.0,0.0,0.0,0.0015681599999999996,0.0,0.0,0.0,207.36,1
1593996793.2147489,28527,1574796315,99719047,navsat_link,2,1,40.66530447,-74.56363443833334,41.129000000000005,0.00123201,0.0,0.0,0.0,0.00164025,0.0,0.0,0.0,207.36,1
1593996793.4076383,28528,1574796315,291845083,navsat_link,2,1,40.665304176666666,-74.56363371833334,41.132000000000005,0.00123201,0.0,0.0,0.0,0.00164025,0.0,0.0,0.0,207.36,1
1593996793.5959423,28529,1574796315,480758905,navsat_link,2,1,40.66530424,-74.56363344666667,41.141000000000005,0.00123201,0.0,0.0,0.0,0.00164025,0.0,0.0,0.0,207.36,1
1593996793.803461,28530,1574796315,688410043,navsat_link,2,1,40.66530419666667,-74.56363335666667,41.129999999999995,0.00116964,0.0,0.0,0.0,0.00164025,0.0,0.0,0.0,207.36,1
1593996794.0020247,28531,1574796315,887150049,navsat_link,2,1,40.665303816666665,-74.56363326666667,41.113,0.00116964,0.0,0.0,0.0,0.0015681599999999996,0.0,0.0,0.0,207.36,1
1593996794.2104943,28532,1574796316,95091104,navsat_link,2,1,40.66530353,-74.56363325166667,41.111000000000004,0.00116964,0.0,0.0,0.0,0.0015681599999999996,0.0,0.0,0.0,207.36,1
1593996794.3995209,28533,1574796316,283658027,navsat_link,2,1,40.66530243333333,-74.56363328333333,41.122,0.00116964,0.0,0.0,0.0,0.0015681599999999996,0.0,0.0,0.0,207.36,1
1593996794.597275,28534,1574796316,481770992,navsat_link,2,1,40.665300648333336,-74.56363421666667,41.144000000000005,0.00116964,0.0,0.0,0.0,0.0015681599999999996,0.0,0.0,0.0,207.36,1
1593996794.8025575,28535,1574796316,686635017,navsat_link,2,1,40.6652988,-74.56363526666667,41.143,0.00123201,0.0,0.0,0.0,0.00164025,0.0,0.0,0.0,207.36,1
1593996795.0062912,28536,1574796316,889017105,navsat_link,2,1,40.665297091666666,-74.56363627,41.129999999999995,0.00116964,0.0,0.0,0.0,0.00164025,0.0,0.0,0.0,207.36,1
1593996795.198572,28537,1574796317,82737922,navsat_link,2,1,40.665295228333335,-74.56363813666667,41.147999999999996,0.00116964,0.0,0.0,0.0,0.0015681599999999996,0.0,0.0,0.0,207.36,1
1593996795.394609,28538,1574796317,279232025,navsat_link,2,1,40.66529342166667,-74.56363974833333,41.044,0.00123201,0.0,0.0,0.0,0.00164025,0.0,0.0,0.0,207.36,1
1593996795.6022973,28539,1574796317,487323999,navsat_link,2,1,40.66529176,-74.56364155,41.152,0.00123201,0.0,0.0,0.0,0.00164025,0.0,0.0,0.0,207.36,1
1593996795.8137705,28540,1574796317,698662042,navsat_link,2,1,40.665290768333335,-74.56364283,41.039,0.00123201,0.0,0.0,0.0,0.00171396,0.0,0.0,0.0,207.36,1
1593996796.0017314,28541,1574796317,886590957,navsat_link,2,1,40.66528932333333,-74.56364374,41.108999999999995,0.00123201,0.0,0.0,0.0,0.00164025,0.0,0.0,0.0,207.36,1
1593996796.2021267,28542,1574796318,86836099,navsat_link,2,1,40.665287435,-74.56364485333333,41.075,0.00123201,0.0,0.0,0.0,0.00164025,0.0,0.0,0.0,207.36,1
1593996796.3972034,28543,1574796318,282202005,navsat_link,2,1,40.665285145,-74.563646175,41.084,0.00123201,0.0,0.0,0.0,0.00164025,0.0,0.0,0.0,207.36,1
1593996796.5996146,28544,1574796318,485069990,navsat_link,2,1,40.665283071666664,-74.56364741666667,41.09700000000001,0.00123201,0.0,0.0,0.0,0.00164025,0.0,0.0,0.0,207.36,1
1593996796.811069,28545,1574796318,695875883,navsat_link,2,1,40.66528169,-74.56364805833333,41.036,0.00123201,0.0,0.0,0.0,0.00164025,0.0,0.0,0.0,207.36,1
1593996797.001731,28546,1574796318,886739015,navsat_link,2,1,40.66528089333333,-74.56364856666667,41.037000000000006,0.00123201,0.0,0.0,0.0,0.00164025,0.0,0.0,0.0,207.36,1
1593996797.1979003,28547,1574796319,83260059,navsat_link,2,1,40.665279328333334,-74.563648565,41.089,0.00116964,0.0,0.0,0.0,0.0015681599999999996,0.0,0.0,0.0,207.36,1
1593996797.3981802,28548,1574796319,283370971,navsat_link,2,1,40.665277485,-74.56364877333333,41.043000000000006,0.00116964,0.0,0.0,0.0,0.0015681599999999996,0.0,0.0,0.0,207.36,1
1593996797.5916758,28549,1574796319,477026939,navsat_link,2,1,40.66527474666667,-74.56364896333334,41.086,0.00116964,0.0,0.0,0.0,0.0015681599999999996,0.0,0.0,0.0,207.36,1
1593996797.789483,28550,1574796319,674711942,navsat_link,2,1,40.66527240166667,-74.56364934666666,41.071,0.00116964,0.0,0.0,0.0,0.0015681599999999996,0.0,0.0,0.0,207.36,1
1593996797.9911156,28551,1574796319,875917911,navsat_link,2,1,40.66526995833333,-74.56364950333334,41.054,0.00116964,0.0,0.0,0.0,0.0015681599999999996,0.0,0.0,0.0,207.36,1
1593996798.206286,28552,1574796320,91574907,navsat_link,2,1,40.665267315,-74.56364982666666,41.043000000000006,0.00116964,0.0,0.0,0.0,0.0015681599999999996,0.0,0.0,0.0,207.36,1
1593996798.3945992,28553,1574796320,279581069,navsat_link,2,1,40.66526515,-74.56364930333334,41.09100000000001,0.00123201,0.0,0.0,0.0,0.00164025,0.0,0.0,0.0,207.36,1
1593996798.5924199,28554,1574796320,477240085,navsat_link,2,1,40.66526276,-74.56364962166667,41.087,0.00123201,0.0,0.0,0.0,0.00164025,0.0,0.0,0.0,207.36,1
1593996798.8088768,28555,1574796320,694191932,navsat_link,2,1,40.665259955,-74.56365005166667,41.069,0.00123201,0.0,0.0,0.0,0.00164025,0.0,0.0,0.0,207.36,1
1593996799.0032444,28556,1574796320,887963056,navsat_link,2,1,40.66525748666667,-74.563650255,41.04900000000001,0.00116964,0.0,0.0,0.0,0.0015681599999999996,0.0,0.0,0.0,207.36,1
1593996799.1934476,28557,1574796321,79118013,navsat_link,2,1,40.66525511333333,-74.56365023333333,41.07900000000001,0.00116964,0.0,0.0,0.0,0.0015681599999999996,0.0,0.0,0.0,207.36,1
1593996799.392362,28558,1574796321,277684926,navsat_link,2,1,40.66525282833334,-74.563650175,41.028000000000006,0.00116964,0.0,0.0,0.0,0.0015681599999999996,0.0,0.0,0.0,207.36,1
1593996799.5950003,28559,1574796321,480541944,navsat_link,2,1,40.66525024,-74.563650325,41.056,0.00116964,0.0,0.0,0.0,0.0015681599999999996,0.0,0.0,0.0,207.36,1
1593996799.7941914,28560,1574796321,679605960,navsat_link,2,1,40.66524776833333,-74.56365057833334,41.06700000000001,0.00116964,0.0,0.0,0.0,0.00164025,0.0,0.0,0.0,207.36,1
1593996799.99547,28561,1574796321,881026029,navsat_link,2,1,40.66524548666666,-74.56365031666667,41.07600000000001,0.00116964,0.0,0.0,0.0,0.0015681599999999996,0.0,0.0,0.0,207.36,1
1593996800.2061412,28562,1574796322,91424942,navsat_link,2,1,40.665242803333335,-74.563650135,41.062,0.00116964,0.0,0.0,0.0,0.00164025,0.0,0.0,0.0,207.36,1
1593996800.3980525,28563,1574796322,283030033,navsat_link,2,1,40.66524034333333,-74.56364981833333,41.05,0.00116964,0.0,0.0,0.0,0.0015681599999999996,0.0,0.0,0.0,207.36,1
1593996800.6018846,28564,1574796322,487015008,navsat_link,2,1,40.66523808,-74.563649565,41.05500000000001,0.00123201,0.0,0.0,0.0,0.00164025,0.0,0.0,0.0,207.36,1
1593996800.7980876,28565,1574796322,683588981,navsat_link,2,1,40.665235605,-74.56364942166667,41.015,0.00116964,0.0,0.0,0.0,0.0015681599999999996,0.0,0.0,0.0,207.36,1
1593996800.9981956,28566,1574796322,883729934,navsat_link,2,1,40.66523380833333,-74.56364936833333,41.007999999999996,0.00116964,0.0,0.0,0.0,0.0015681599999999996,0.0,0.0,0.0,207.36,1
1593996801.2016578,28567,1574796323,86586952,navsat_link,2,1,40.66523146666667,-74.56364959833333,41.019999999999996,0.00116964,0.0,0.0,0.0,0.0015681599999999996,0.0,0.0,0.0,207.36,1
1593996801.3984244,28568,1574796323,283649921,navsat_link,2,1,40.665229116666666,-74.56365017666667,40.977999999999994,0.00116964,0.0,0.0,0.0,0.0015681599999999996,0.0,0.0,0.0,207.36,1
1593996801.59824,28569,1574796323,483525037,navsat_link,2,1,40.66522726,-74.56364970999999,41.081,0.00116964,0.0,0.0,0.0,0.0015681599999999996,0.0,0.0,0.0,0.005184000000000001,1
1593996801.7981205,28570,1574796323,683120965,navsat_link,2,1,40.66522445,-74.56365163,40.903000000000006,3.969e-05,0.0,0.0,0.0,3.969e-05,0.0,0.0,0.0,207.36,1
1593996801.9983904,28571,1574796323,883349895,navsat_link,2,1,40.665222185,-74.56365219666667,40.84400000000001,0.00116964,0.0,0.0,0.0,0.0015681599999999996,0.0,0.0,0.0,207.36,1
1593996802.2050555,28572,1574796324,90698003,navsat_link,2,1,40.66521988,-74.56365363833334,40.854,0.00116964,0.0,0.0,0.0,0.0015681599999999996,0.0,0.0,0.0,207.36,1
1593996802.3957486,28573,1574796324,281147003,navsat_link,2,1,40.665217203333334,-74.56365544666667,40.976,0.00116964,0.0,0.0,0.0,0.0015681599999999996,0.0,0.0,0.0,207.36,1
1593996802.5956953,28574,1574796324,481188058,navsat_link,2,1,40.66521519333333,-74.56365616666666,40.992000000000004,0.0012960000000000003,0.0,0.0,0.0,0.00164025,0.0,0.0,0.0,207.36,1
1593996802.795607,28575,1574796324,681042909,navsat_link,2,1,40.66521384833333,-74.56365563833333,41.09,0.00123201,0.0,0.0,0.0,0.00164025,0.0,0.0,0.0,0.005184000000000001,1
1593996803.0031586,28576,1574796324,888768911,navsat_link,2,1,40.66521182166667,-74.56365639,41.105999999999995,5.184000000000001e-05,0.0,0.0,0.0,3.969e-05,0.0,0.0,0.0,0.005184000000000001,1
1593996803.1958447,28577,1574796325,81260919,navsat_link,2,1,40.66520980666667,-74.56365804833334,40.964,5.184000000000001e-05,0.0,0.0,0.0,3.969e-05,0.0,0.0,0.0,207.36,1
1593996803.3954222,28578,1574796325,280687093,navsat_link,2,1,40.665208095,-74.56365801333334,40.958,0.00116964,0.0,0.0,0.0,0.0015681599999999996,0.0,0.0,0.0,207.36,1
1593996803.5961535,28579,1574796325,481421947,navsat_link,2,1,40.665205678333336,-74.56365787833333,40.979,0.00116964,0.0,0.0,0.0,0.0015681599999999996,0.0,0.0,0.0,207.36,1
1593996803.791025,28580,1574796325,676556110,navsat_link,2,1,40.66520342166667,-74.56365761833334,40.982,0.00123201,0.0,0.0,0.0,0.0015681599999999996,0.0,0.0,0.0,207.36,1
1593996804.0007825,28581,1574796325,886308908,navsat_link,2,1,40.66520098833333,-74.56365762,40.962,0.00116964,0.0,0.0,0.0,0.0015681599999999996,0.0,0.0,0.0,207.36,1
1593996804.1996102,28582,1574796326,85047006,navsat_link,2,1,40.66519841833333,-74.56365763,40.959,0.00123201,0.0,0.0,0.0,0.0015681599999999996,0.0,0.0,0.0,207.36,1
1593996804.3987074,28583,1574796326,283782958,navsat_link,2,1,40.66519612,-74.56365774,40.915000000000006,0.0012960000000000003,0.0,0.0,0.0,0.0015681599999999996,0.0,0.0,0.0,207.36,1
1593996804.595587,28584,1574796326,480721950,navsat_link,2,1,40.6651935,-74.56365809,40.946,0.00123201,0.0,0.0,0.0,0.0015681599999999996,0.0,0.0,0.0,207.36,1
1593996804.7916496,28585,1574796326,676609992,navsat_link,2,1,40.66519114333333,-74.56365856333333,40.977999999999994,0.00123201,0.0,0.0,0.0,0.0015681599999999996,0.0,0.0,0.0,207.36,1
1593996805.0023592,28586,1574796326,887821912,navsat_link,2,1,40.66518859,-74.56365896,41.019999999999996,0.00123201,0.0,0.0,0.0,0.0015681599999999996,0.0,0.0,0.0,207.36,1
1593996805.2037709,28587,1574796327,88820934,navsat_link,2,1,40.665186311666666,-74.56365959833333,40.947,0.00123201,0.0,0.0,0.0,0.0015681599999999996,0.0,0.0,0.0,207.36,1
1593996805.3839948,28588,1574796327,269509077,navsat_link,2,1,40.66518383,-74.56366005666666,40.925,0.00123201,0.0,0.0,0.0,0.0015681599999999996,0.0,0.0,0.0,207.36,1
1593996805.5949929,28589,1574796327,479893922,navsat_link,2,1,40.665181395,-74.56366030833334,40.94500000000001,0.00123201,0.0,0.0,0.0,0.0015681599999999996,0.0,0.0,0.0,207.36,1
1593996805.787382,28590,1574796327,672524929,navsat_link,2,1,40.66517882833333,-74.56366051833334,40.97,0.00123201,0.0,0.0,0.0,0.0015681599999999996,0.0,0.0,0.0,207.36,1
1593996806.0129843,28591,1574796327,898299932,navsat_link,2,1,40.66517665333333,-74.563660785,40.97,0.00123201,0.0,0.0,0.0,0.0015681599999999996,0.0,0.0,0.0,207.36,1
1593996806.2014284,28592,1574796328,86488962,navsat_link,2,1,40.665174101666665,-74.5636608,40.973,0.00123201,0.0,0.0,0.0,0.0015681599999999996,0.0,0.0,0.0,207.36,1
1593996806.4013875,28593,1574796328,286217927,navsat_link,2,1,40.665171746666665,-74.563661185,40.94500000000001,0.00123201,0.0,0.0,0.0,0.0015681599999999996,0.0,0.0,0.0,207.36,1
1593996806.596033,28594,1574796328,480784893,navsat_link,2,1,40.66516925166667,-74.56366124666667,40.96300000000001,0.00123201,0.0,0.0,0.0,0.0015681599999999996,0.0,0.0,0.0,207.36,1
1593996806.7962034,28595,1574796328,679816961,navsat_link,2,1,40.66516681,-74.56366158166666,40.917,0.00116964,0.0,0.0,0.0,0.0015681599999999996,0.0,0.0,0.0,207.36,1
1593996807.0142958,28596,1574796328,899028062,navsat_link,2,1,40.665164356666665,-74.56366162333333,40.918000000000006,0.00116964,0.0,0.0,0.0,0.0015681599999999996,0.0,0.0,0.0,207.36,1
1593996807.2208707,28597,1574796329,105281114,navsat_link,2,1,40.665161903333335,-74.56366193666666,40.905,0.00116964,0.0,0.0,0.0,0.0015681599999999996,0.0,0.0,0.0,207.36,1
1593996807.3955722,28598,1574796329,280117988,navsat_link,2,1,40.665159638333336,-74.56366219333333,40.915000000000006,0.00116964,0.0,0.0,0.0,0.0015681599999999996,0.0,0.0,0.0,207.36,1
1593996807.5939953,28599,1574796329,478733062,navsat_link,2,1,40.66515700666667,-74.563662515,40.897999999999996,0.00116964,0.0,0.0,0.0,0.0015681599999999996,0.0,0.0,0.0,207.36,1
1593996807.8011382,28600,1574796329,685718059,navsat_link,2,1,40.66515457,-74.56366284,40.891999999999996,0.00116964,0.0,0.0,0.0,0.0015681599999999996,0.0,0.0,0.0,207.36,1
1593996808.0084224,28601,1574796329,893416881,navsat_link,2,1,40.66515225166667,-74.56366308833333,40.885000000000005,0.00116964,0.0,0.0,0.0,0.0015681599999999996,0.0,0.0,0.0,207.36,1
1593996808.216914,28602,1574796330,101661920,navsat_link,2,1,40.66514976,-74.56366348333333,40.92100000000001,0.00116964,0.0,0.0,0.0,0.0015681599999999996,0.0,0.0,0.0,207.36,1
1593996808.3947527,28603,1574796330,279787063,navsat_link,2,1,40.66514719333333,-74.56366383,40.867000000000004,0.00116964,0.0,0.0,0.0,0.0015681599999999996,0.0,0.0,0.0,207.36,1
1593996808.5940228,28604,1574796330,479068994,navsat_link,2,1,40.665144848333334,-74.56366426,40.869,0.00116964,0.0,0.0,0.0,0.0015681599999999996,0.0,0.0,0.0,207.36,1
1593996808.7993999,28605,1574796330,684747934,navsat_link,2,1,40.66514241666667,-74.56366436833333,40.903999999999996,0.00116964,0.0,0.0,0.0,0.0015681599999999996,0.0,0.0,0.0,207.36,1
1593996809.0154417,28606,1574796330,900221109,navsat_link,2,1,40.665139965,-74.563664835,40.908,0.00116964,0.0,0.0,0.0,0.0015681599999999996,0.0,0.0,0.0,207.36,1
1593996809.1948037,28607,1574796331,80216884,navsat_link,2,1,40.66513758166667,-74.56366511833333,40.896,0.00116964,0.0,0.0,0.0,0.0015681599999999996,0.0,0.0,0.0,207.36,1
1593996809.395065,28608,1574796331,280206918,navsat_link,2,1,40.66513521666667,-74.56366556,40.876999999999995,0.00116964,0.0,0.0,0.0,0.0015681599999999996,0.0,0.0,0.0,207.36,1
1593996809.5964582,28609,1574796331,481957912,navsat_link,2,1,40.66513269,-74.563665825,40.89,0.00116964,0.0,0.0,0.0,0.0015681599999999996,0.0,0.0,0.0,207.36,1
1593996809.7925413,28610,1574796331,678143024,navsat_link,2,1,40.66513032,-74.56366624166667,40.879999999999995,0.00116964,0.0,0.0,0.0,0.0015681599999999996,0.0,0.0,0.0,207.36,1
1593996809.9898987,28611,1574796331,875488996,navsat_link,2,1,40.66512790833333,-74.56366651666667,40.896,0.00116964,0.0,0.0,0.0,0.0015681599999999996,0.0,0.0,0.0,207.36,1
1593996810.2019272,28612,1574796332,86843967,navsat_link,2,1,40.66512539166666,-74.56366692,40.896,0.00116964,0.0,0.0,0.0,0.0015681599999999996,0.0,0.0,0.0,207.36,1
1593996810.40097,28613,1574796332,286326885,navsat_link,2,1,40.66512289833334,-74.56366729833333,40.891999999999996,0.00116964,0.0,0.0,0.0,0.0015681599999999996,0.0,0.0,0.0,207.36,1
1593996810.59937,28614,1574796332,484510898,navsat_link,2,1,40.66512053333334,-74.56366767666667,40.888000000000005,0.00116964,0.0,0.0,0.0,0.0015681599999999996,0.0,0.0,0.0,207.36,1
1593996810.7996044,28615,1574796332,685120105,navsat_link,2,1,40.66511808166667,-74.56366806833333,40.885999999999996,0.00116964,0.0,0.0,0.0,0.0015681599999999996,0.0,0.0,0.0,207.36,1
1593996811.003239,28616,1574796332,888477087,navsat_link,2,1,40.66511572666667,-74.56366846,40.881,0.00116964,0.0,0.0,0.0,0.0015681599999999996,0.0,0.0,0.0,207.36,1
1593996811.2106392,28617,1574796333,96174001,navsat_link,2,1,40.66511327333333,-74.56366883666666,40.867999999999995,0.00116964,0.0,0.0,0.0,0.0015681599999999996,0.0,0.0,0.0,207.36,1
1593996811.3995926,28618,1574796333,285132884,navsat_link,2,1,40.66511083333333,-74.56366930666667,40.891000000000005,0.00116964,0.0,0.0,0.0,0.0015681599999999996,0.0,0.0,0.0,207.36,1
1593996811.6036549,28619,1574796333,489125967,navsat_link,2,1,40.665108391666664,-74.56366966166667,40.881,0.00116964,0.0,0.0,0.0,0.0015681599999999996,0.0,0.0,0.0,207.36,1
1593996811.804302,28620,1574796333,689476966,navsat_link,2,1,40.66510599666667,-74.56367014666667,40.86,0.00116964,0.0,0.0,0.0,0.0015681599999999996,0.0,0.0,0.0,207.36,1
1593996812.0018616,28621,1574796333,887136936,navsat_link,2,1,40.66510351833333,-74.56367055833333,40.858000000000004,0.00116964,0.0,0.0,0.0,0.0014976899999999999,0.0,0.0,0.0,207.36,1
1593996812.2135336,28622,1574796334,98839044,navsat_link,2,1,40.66510102833333,-74.56367097666667,40.848,0.00116964,0.0,0.0,0.0,0.0014976899999999999,0.0,0.0,0.0,207.36,1
1593996812.393403,28623,1574796334,278928995,navsat_link,2,1,40.665098465,-74.56367146833334,40.83800000000001,0.00116964,0.0,0.0,0.0,0.0014976899999999999,0.0,0.0,0.0,207.36,1
1593996812.6030023,28624,1574796334,488202095,navsat_link,2,1,40.66509626166667,-74.56367189666666,40.83200000000001,0.00116964,0.0,0.0,0.0,0.0014976899999999999,0.0,0.0,0.0,207.36,1
1593996812.8039393,28625,1574796334,689450025,navsat_link,2,1,40.665093678333335,-74.56367240833333,40.846000000000004,0.00116964,0.0,0.0,0.0,0.0014976899999999999,0.0,0.0,0.0,207.36,1
1593996812.9988682,28626,1574796334,883738040,navsat_link,2,1,40.66509122833333,-74.563672835,40.842,0.00116964,0.0,0.0,0.0,0.0014976899999999999,0.0,0.0,0.0,207.36,1
1593996813.236207,28627,1574796335,120862007,navsat_link,2,1,40.66508884666667,-74.56367328833333,40.801,0.00116964,0.0,0.0,0.0,0.0014976899999999999,0.0,0.0,0.0,207.36,1
1593996813.4032612,28628,1574796335,288647890,navsat_link,2,1,40.66508652,-74.56367391,40.797,0.00116964,0.0,0.0,0.0,0.0014976899999999999,0.0,0.0,0.0,207.36,1
1593996813.6001203,28629,1574796335,485131978,navsat_link,2,1,40.66508389333333,-74.56367440166666,40.791,0.00116964,0.0,0.0,0.0,0.0014976899999999999,0.0,0.0,0.0,207.36,1
1593996813.7978432,28630,1574796335,682938098,navsat_link,2,1,40.665081646666664,-74.56367491666667,40.766999999999996,0.00116964,0.0,0.0,0.0,0.0014976899999999999,0.0,0.0,0.0,207.36,1
1593996813.995634,28631,1574796335,881036996,navsat_link,2,1,40.665079426666665,-74.563675415,40.763999999999996,0.00116964,0.0,0.0,0.0,0.0014976899999999999,0.0,0.0,0.0,207.36,1
1593996814.2445362,28632,1574796336,130044937,navsat_link,2,1,40.66507706666667,-74.56367590333333,40.757000000000005,0.00116964,0.0,0.0,0.0,0.0014976899999999999,0.0,0.0,0.0,207.36,1
1593996814.3976548,28633,1574796336,282627105,navsat_link,2,1,40.665074538333336,-74.56367629666667,40.762,0.00116964,0.0,0.0,0.0,0.0014976899999999999,0.0,0.0,0.0,207.36,1
1593996814.5955248,28634,1574796336,480799913,navsat_link,2,1,40.66507207,-74.56367680333334,40.745000000000005,0.00116964,0.0,0.0,0.0,0.0014976899999999999,0.0,0.0,0.0,207.36,1
1593996814.7949193,28635,1574796336,680234909,navsat_link,2,1,40.665069775,-74.5636774,40.748000000000005,0.00116964,0.0,0.0,0.0,0.0014976899999999999,0.0,0.0,0.0,207.36,1
1593996814.995091,28636,1574796336,880705118,navsat_link,2,1,40.66506742666667,-74.56367778333333,40.730000000000004,0.00116964,0.0,0.0,0.0,0.0015681599999999996,0.0,0.0,0.0,207.36,1
1593996815.216361,28637,1574796337,101713895,navsat_link,2,1,40.665064978333334,-74.56367832166667,40.736999999999995,0.00116964,0.0,0.0,0.0,0.0014976899999999999,0.0,0.0,0.0,207.36,1
1593996815.4008315,28638,1574796337,286669015,navsat_link,2,1,40.665062551666665,-74.56367884333334,40.724000000000004,0.00116964,0.0,0.0,0.0,0.0015681599999999996,0.0,0.0,0.0,207.36,1
1593996815.5959003,28639,1574796337,481065988,navsat_link,2,1,40.66506019166667,-74.56367942,40.762,0.00116964,0.0,0.0,0.0,0.0015681599999999996,0.0,0.0,0.0,207.36,1
1593996815.7952971,28640,1574796337,680664062,navsat_link,2,1,40.66505767333334,-74.563679925,40.742000000000004,0.00116964,0.0,0.0,0.0,0.0015681599999999996,0.0,0.0,0.0,207.36,1
1593996816.0001092,28641,1574796337,884753942,navsat_link,2,1,40.665055365,-74.56368048,40.742999999999995,0.00116964,0.0,0.0,0.0,0.0014976899999999999,0.0,0.0,0.0,207.36,1
1593996816.2354498,28642,1574796338,120954036,navsat_link,2,1,40.66505295,-74.56368132666667,40.793000000000006,0.00116964,0.0,0.0,0.0,0.0014976899999999999,0.0,0.0,0.0,207.36,1
1593996816.3990479,28643,1574796338,284142971,navsat_link,2,1,40.66505049166667,-74.56368198166666,40.806,0.00116964,0.0,0.0,0.0,0.0014976899999999999,0.0,0.0,0.0,207.36,1
1593996816.5950143,28644,1574796338,479913949,navsat_link,2,1,40.665048135,-74.56368256,40.786,0.00116964,0.0,0.0,0.0,0.0014976899999999999,0.0,0.0,0.0,207.36,1
1593996816.8059437,28645,1574796338,691006898,navsat_link,2,1,40.665045658333334,-74.56368322166666,40.798,0.00116964,0.0,0.0,0.0,0.0014976899999999999,0.0,0.0,0.0,207.36,1
1593996816.9960315,28646,1574796338,880630970,navsat_link,2,1,40.66504331,-74.563683775,40.80500000000001,0.00116964,0.0,0.0,0.0,0.0014976899999999999,0.0,0.0,0.0,207.36,1
1593996817.2182448,28647,1574796339,98733901,navsat_link,2,1,40.665040915,-74.563684445,40.801,0.00116964,0.0,0.0,0.0,0.0014976899999999999,0.0,0.0,0.0,207.36,1
1593996817.4046166,28648,1574796339,289060115,navsat_link,2,1,40.665038475,-74.56368499333334,40.790000000000006,0.00116964,0.0,0.0,0.0,0.0014976899999999999,0.0,0.0,0.0,207.36,1
1593996817.6088908,28649,1574796339,490180969,navsat_link,2,1,40.66503608166666,-74.56368548333333,40.783,0.00116964,0.0,0.0,0.0,0.0014976899999999999,0.0,0.0,0.0,207.36,1
1593996817.8037589,28650,1574796339,688566923,navsat_link,2,1,40.66503371833333,-74.56368634333333,40.791,0.00116964,0.0,0.0,0.0,0.0014976899999999999,0.0,0.0,0.0,207.36,1
1593996818.0044482,28651,1574796339,888957977,navsat_link,2,1,40.66503118166667,-74.56368692166667,40.8,0.00116964,0.0,0.0,0.0,0.0014976899999999999,0.0,0.0,0.0,207.36,1
1593996818.2102063,28652,1574796340,94643115,navsat_link,2,1,40.66502908333333,-74.563687425,40.79600000000001,0.00116964,0.0,0.0,0.0,0.0014976899999999999,0.0,0.0,0.0,207.36,1
1593996818.3977015,28653,1574796340,282761096,navsat_link,2,1,40.665026573333336,-74.56368796333334,40.792,0.00116964,0.0,0.0,0.0,0.0014976899999999999,0.0,0.0,0.0,207.36,1
1593996818.600997,28654,1574796340,486105918,navsat_link,2,1,40.66502423,-74.563688615,40.771,0.00116964,0.0,0.0,0.0,0.0014976899999999999,0.0,0.0,0.0,207.36,1
1593996818.8019912,28655,1574796340,686837911,navsat_link,2,1,40.66502174,-74.56368936833333,40.784000000000006,0.00116964,0.0,0.0,0.0,0.0014976899999999999,0.0,0.0,0.0,207.36,1
1593996818.9992263,28656,1574796340,884042024,navsat_link,2,1,40.665019385,-74.563690075,40.80500000000001,0.00116964,0.0,0.0,0.0,0.0014976899999999999,0.0,0.0,0.0,207.36,1
1593996819.2089338,28657,1574796341,94039916,navsat_link,2,1,40.66501701166667,-74.56369076166666,40.79900000000001,0.00116964,0.0,0.0,0.0,0.0014976899999999999,0.0,0.0,0.0,207.36,1
1593996819.4009955,28658,1574796341,285928964,navsat_link,2,1,40.665014813333336,-74.563691315,40.80500000000001,0.00116964,0.0,0.0,0.0,0.0014976899999999999,0.0,0.0,0.0,207.36,1
1593996819.6021194,28659,1574796341,487361907,navsat_link,2,1,40.66501341,-74.563691795,40.789,0.00116964,0.0,0.0,0.0,0.0014976899999999999,0.0,0.0,0.0,207.36,1
1593996819.8016307,28660,1574796341,686527013,navsat_link,2,1,40.66501262333333,-74.56369199166667,40.81700000000001,0.00116964,0.0,0.0,0.0,0.0014976899999999999,0.0,0.0,0.0,207.36,1
1593996820.00022,28661,1574796341,884789943,navsat_link,2,1,40.665012425,-74.56369204666666,40.812,0.00116964,0.0,0.0,0.0,0.0014976899999999999,0.0,0.0,0.0,207.36,1
1593996820.201854,28662,1574796342,86909055,navsat_link,2,1,40.665012438333335,-74.56369204833334,40.81,0.00116964,0.0,0.0,0.0,0.0014976899999999999,0.0,0.0,0.0,207.36,1
1593996820.4005527,28663,1574796342,284718990,navsat_link,2,1,40.66501242333333,-74.56369206833334,40.813,0.00116964,0.0,0.0,0.0,0.0014976899999999999,0.0,0.0,0.0,207.36,1
1593996820.5933084,28664,1574796342,478727102,navsat_link,2,1,40.665012403333336,-74.563692065,40.813,0.00116964,0.0,0.0,0.0,0.0014976899999999999,0.0,0.0,0.0,207.36,1
1593996820.7926047,28665,1574796342,677810907,navsat_link,2,1,40.665012401666665,-74.56369207833333,40.812,0.00116964,0.0,0.0,0.0,0.0014976899999999999,0.0,0.0,0.0,207.36,1
1593996821.00025,28666,1574796342,885883092,navsat_link,2,1,40.66501238,-74.56369208333334,40.816,0.00116964,0.0,0.0,0.0,0.0014976899999999999,0.0,0.0,0.0,207.36,1
1593996821.207922,28667,1574796343,92725038,navsat_link,2,1,40.665012358333335,-74.56369205333333,40.816,0.00116964,0.0,0.0,0.0,0.0014976899999999999,0.0,0.0,0.0,207.36,1
1593996821.3980784,28668,1574796343,283499002,navsat_link,2,1,40.665012368333336,-74.56369206666666,40.81700000000001,0.00116964,0.0,0.0,0.0,0.0014976899999999999,0.0,0.0,0.0,207.36,1
1593996821.595417,28669,1574796343,480829954,navsat_link,2,1,40.66501233166667,-74.56369214333333,40.818,0.00116964,0.0,0.0,0.0,0.0014976899999999999,0.0,0.0,0.0,207.36,1
1593996821.7953207,28670,1574796343,680721998,navsat_link,2,1,40.665012321666666,-74.56369217,40.819,0.00116964,0.0,0.0,0.0,0.0014976899999999999,0.0,0.0,0.0,207.36,1
1593996821.9879742,28671,1574796343,873519897,navsat_link,2,1,40.665012305,-74.563692165,40.819,0.00116964,0.0,0.0,0.0,0.0014976899999999999,0.0,0.0,0.0,207.36,1
1593996822.210048,28672,1574796344,95259904,navsat_link,2,1,40.665012286666666,-74.56369218,40.82300000000001,0.00116964,0.0,0.0,0.0,0.0014976899999999999,0.0,0.0,0.0,207.36,1
1593996822.4065583,28673,1574796344,291857957,navsat_link,2,1,40.665012285,-74.563692205,40.824,0.00116964,0.0,0.0,0.0,0.0014976899999999999,0.0,0.0,0.0,207.36,1
1593996822.595453,28674,1574796344,480670928,navsat_link,2,1,40.66501226,-74.56369219833333,40.82600000000001,0.0011088899999999997,0.0,0.0,0.0,0.0014976899999999999,0.0,0.0,0.0,207.36,1
1593996822.793606,28675,1574796344,678960084,navsat_link,2,1,40.66501224833333,-74.56369223333333,40.83200000000001,0.0011088899999999997,0.0,0.0,0.0,0.0014976899999999999,0.0,0.0,0.0,207.36,1
1593996822.9904163,28676,1574796344,875632047,navsat_link,2,1,40.66501224,-74.56369224166667,40.83,0.0011088899999999997,0.0,0.0,0.0,0.0014976899999999999,0.0,0.0,0.0,207.36,1
1593996823.1976006,28677,1574796345,83144903,navsat_link,2,1,40.66501222,-74.56369222666666,40.83,0.0011088899999999997,0.0,0.0,0.0,0.0014976899999999999,0.0,0.0,0.0,207.36,1
1593996823.4113853,28678,1574796345,296943902,navsat_link,2,1,40.66501220666667,-74.56369226833333,40.84,0.0011088899999999997,0.0,0.0,0.0,0.0014976899999999999,0.0,0.0,0.0,207.36,1
1593996823.5920856,28679,1574796345,477650880,navsat_link,2,1,40.665012211666664,-74.56369228833333,40.84100000000001,0.0011088899999999997,0.0,0.0,0.0,0.0014976899999999999,0.0,0.0,0.0,207.36,1
1593996823.7915695,28680,1574796345,676558017,navsat_link,2,1,40.66501218333333,-74.56369232166666,40.84,0.0011088899999999997,0.0,0.0,0.0,0.0014976899999999999,0.0,0.0,0.0,207.36,1
1593996823.9905114,28681,1574796345,875973939,navsat_link,2,1,40.665012176666664,-74.56369229833334,40.84700000000001,0.0011088899999999997,0.0,0.0,0.0,0.0014976899999999999,0.0,0.0,0.0,207.36,1
1593996824.2088451,28682,1574796346,94304084,navsat_link,2,1,40.66501215833333,-74.56369230833333,40.854,0.0011088899999999997,0.0,0.0,0.0,0.0014976899999999999,0.0,0.0,0.0,207.36,1
1593996824.4220934,28683,1574796346,307598114,navsat_link,2,1,40.66501211166667,-74.56369235,40.849999999999994,0.0011088899999999997,0.0,0.0,0.0,0.0014976899999999999,0.0,0.0,0.0,207.36,1
1593996824.5948536,28684,1574796346,480168104,navsat_link,2,1,40.66501210166667,-74.56369236,40.857,0.0011088899999999997,0.0,0.0,0.0,0.0014976899999999999,0.0,0.0,0.0,207.36,1
1593996824.8005674,28685,1574796346,685971021,navsat_link,2,1,40.66501206833333,-74.56369238166667,40.858999999999995,0.0011088899999999997,0.0,0.0,0.0,0.0014976899999999999,0.0,0.0,0.0,207.36,1
1593996825.0065463,28686,1574796346,891776084,navsat_link,2,1,40.665012071666666,-74.56369238166667,40.861999999999995,0.0011088899999999997,0.0,0.0,0.0,0.0014976899999999999,0.0,0.0,0.0,207.36,1
1593996825.2026072,28687,1574796347,88088989,navsat_link,2,1,40.665012041666664,-74.56369240833334,40.866,0.0011088899999999997,0.0,0.0,0.0,0.0014976899999999999,0.0,0.0,0.0,207.36,1
1593996825.4010842,28688,1574796347,286205053,navsat_link,2,1,40.665012053333335,-74.56369241666667,40.872,0.0011088899999999997,0.0,0.0,0.0,0.0014976899999999999,0.0,0.0,0.0,207.36,1
1593996825.5985744,28689,1574796347,484162092,navsat_link,2,1,40.665012026666666,-74.56369240666666,40.875,0.0011088899999999997,0.0,0.0,0.0,0.0014976899999999999,0.0,0.0,0.0,207.36,1
1593996825.800953,28690,1574796347,686499118,navsat_link,2,1,40.665012025,-74.56369244666666,40.881,0.0011088899999999997,0.0,0.0,0.0,0.0014976899999999999,0.0,0.0,0.0,207.36,1
1593996825.9993675,28691,1574796347,884524106,navsat_link,2,1,40.66501201,-74.56369246833333,40.881,0.0011088899999999997,0.0,0.0,0.0,0.0014976899999999999,0.0,0.0,0.0,207.36,1
1593996826.2062895,28692,1574796348,91908931,navsat_link,2,1,40.665011975,-74.56369246833333,40.885000000000005,0.0011088899999999997,0.0,0.0,0.0,0.0014976899999999999,0.0,0.0,0.0,207.36,1
1593996826.3971817,28693,1574796348,282668113,navsat_link,2,1,40.665011989999996,-74.5636925,40.885999999999996,0.0011088899999999997,0.0,0.0,0.0,0.0014976899999999999,0.0,0.0,0.0,207.36,1
1593996826.5951734,28694,1574796348,480762004,navsat_link,2,1,40.665011983333336,-74.56369253833333,40.89,0.0011088899999999997,0.0,0.0,0.0,0.0014976899999999999,0.0,0.0,0.0,207.36,1
1593996826.797272,28695,1574796348,682845115,navsat_link,2,1,40.66501197,-74.56369254333333,40.894999999999996,0.0011088899999999997,0.0,0.0,0.0,0.0014976899999999999,0.0,0.0,0.0,207.36,1
1593996826.9970765,28696,1574796348,882502079,navsat_link,2,1,40.66501194833333,-74.56369252666667,40.899,0.0011088899999999997,0.0,0.0,0.0,0.0014976899999999999,0.0,0.0,0.0,207.36,1
1593996827.195558,28697,1574796349,81099033,navsat_link,2,1,40.665011938333336,-74.56369256666666,40.897999999999996,0.0011088899999999997,0.0,0.0,0.0,0.0014976899999999999,0.0,0.0,0.0,207.36,1
1593996827.4004304,28698,1574796349,285283088,navsat_link,2,1,40.66501192333333,-74.56369258166667,40.897999999999996,0.0011088899999999997,0.0,0.0,0.0,0.0014976899999999999,0.0,0.0,0.0,207.36,1
1593996827.606931,28699,1574796349,492295980,navsat_link,2,1,40.66501192,-74.56369257166666,40.903999999999996,0.0011088899999999997,0.0,0.0,0.0,0.0014976899999999999,0.0,0.0,0.0,207.36,1
1593996827.7978292,28700,1574796349,683285951,navsat_link,2,1,40.66501190333334,-74.56369259333333,40.907,0.0011088899999999997,0.0,0.0,0.0,0.0014976899999999999,0.0,0.0,0.0,207.36,1
1593996827.9994974,28701,1574796349,884865045,navsat_link,2,1,40.665011895,-74.56369263833334,40.907,0.0011088899999999997,0.0,0.0,0.0,0.0014976899999999999,0.0,0.0,0.0,207.36,1
1593996828.215949,28702,1574796350,101250886,navsat_link,2,1,40.66501189,-74.563692645,40.912000000000006,0.0011088899999999997,0.0,0.0,0.0,0.0014976899999999999,0.0,0.0,0.0,207.36,1
1593996828.4036248,28703,1574796350,288463115,navsat_link,2,1,40.665011856666666,-74.56369264166666,40.916,0.0011088899999999997,0.0,0.0,0.0,0.0014976899999999999,0.0,0.0,0.0,207.36,1
1593996828.5975173,28704,1574796350,482563972,navsat_link,2,1,40.66501186,-74.56369266833333,40.919,0.0011088899999999997,0.0,0.0,0.0,0.0014976899999999999,0.0,0.0,0.0,207.36,1
1593996828.797857,28705,1574796350,682756900,navsat_link,2,1,40.66501185833334,-74.56369268833333,40.92100000000001,0.0011088899999999997,0.0,0.0,0.0,0.0014976899999999999,0.0,0.0,0.0,207.36,1
1593996828.997684,28706,1574796350,883084058,navsat_link,2,1,40.665011815,-74.56369264833333,40.919,0.0011088899999999997,0.0,0.0,0.0,0.0014976899999999999,0.0,0.0,0.0,207.36,1
1593996829.2103715,28707,1574796351,94893932,navsat_link,2,1,40.665011826666664,-74.56369267666666,40.917,0.0011088899999999997,0.0,0.0,0.0,0.0014976899999999999,0.0,0.0,0.0,207.36,1
1593996829.3955972,28708,1574796351,280409097,navsat_link,2,1,40.66501180666667,-74.563692685,40.922,0.0011088899999999997,0.0,0.0,0.0,0.0014976899999999999,0.0,0.0,0.0,207.36,1
1593996829.602774,28709,1574796351,487829923,navsat_link,2,1,40.66501181,-74.56369272166667,40.92700000000001,0.0011088899999999997,0.0,0.0,0.0,0.0014976899999999999,0.0,0.0,0.0,207.36,1
1593996829.80229,28710,1574796351,687267065,navsat_link,2,1,40.665011781666664,-74.56369271,40.928,0.0011088899999999997,0.0,0.0,0.0,0.0014976899999999999,0.0,0.0,0.0,207.36,1
1593996830.008123,28711,1574796351,887032985,navsat_link,2,1,40.665011785,-74.56369275166666,40.928,0.0011088899999999997,0.0,0.0,0.0,0.0014976899999999999,0.0,0.0,0.0,207.36,1
1593996830.2169957,28712,1574796352,102250099,navsat_link,2,1,40.665011765,-74.56369274666666,40.93300000000001,0.0011088899999999997,0.0,0.0,0.0,0.00142884,0.0,0.0,0.0,207.36,1
1593996830.4047408,28713,1574796352,289602994,navsat_link,2,1,40.665011766666666,-74.56369272833334,40.941,0.0011088899999999997,0.0,0.0,0.0,0.00142884,0.0,0.0,0.0,207.36,1
1593996830.6150122,28714,1574796352,500056028,navsat_link,2,1,40.665011766666666,-74.56369277333333,40.938,0.0011088899999999997,0.0,0.0,0.0,0.00142884,0.0,0.0,0.0,207.36,1
1593996830.802094,28715,1574796352,687038898,navsat_link,2,1,40.66501175333333,-74.56369279166667,40.932,0.0011088899999999997,0.0,0.0,0.0,0.00142884,0.0,0.0,0.0,207.36,1
1593996831.006053,28716,1574796352,891163110,navsat_link,2,1,40.66501176166667,-74.56369280166666,40.94,0.0011088899999999997,0.0,0.0,0.0,0.00142884,0.0,0.0,0.0,207.36,1
1593996831.2073085,28717,1574796353,92132091,navsat_link,2,1,40.665011765,-74.56369280166666,40.94,0.0011088899999999997,0.0,0.0,0.0,0.00142884,0.0,0.0,0.0,207.36,1
1593996831.4091084,28718,1574796353,294152021,navsat_link,2,1,40.665011738333334,-74.5636928,40.94,0.0011088899999999997,0.0,0.0,0.0,0.00142884,0.0,0.0,0.0,207.36,1
1593996831.6118057,28719,1574796353,496575117,navsat_link,2,1,40.66501174333333,-74.56369285,40.93900000000001,0.0011088899999999997,0.0,0.0,0.0,0.00142884,0.0,0.0,0.0,207.36,1
1593996831.8037124,28720,1574796353,688328981,navsat_link,2,1,40.66501174333333,-74.56369281833334,40.94200000000001,0.0011088899999999997,0.0,0.0,0.0,0.00142884,0.0,0.0,0.0,207.36,1
1593996831.9977672,28721,1574796353,882827997,navsat_link,2,1,40.665011745,-74.56369287333334,40.94200000000001,0.0011088899999999997,0.0,0.0,0.0,0.00142884,0.0,0.0,0.0,207.36,1
1593996832.2093153,28722,1574796354,93745946,navsat_link,2,1,40.66501173166667,-74.5636929,40.94200000000001,0.0011088899999999997,0.0,0.0,0.0,0.00142884,0.0,0.0,0.0,207.36,1
1593996832.4012356,28723,1574796354,285703897,navsat_link,2,1,40.665011721666666,-74.56369282,40.95100000000001,0.0011088899999999997,0.0,0.0,0.0,0.00142884,0.0,0.0,0.0,207.36,1
1593996832.6101336,28724,1574796354,494441986,navsat_link,2,1,40.66501168833334,-74.56369274166667,40.973,0.0011088899999999997,0.0,0.0,0.0,0.00142884,0.0,0.0,0.0,207.36,1
1593996832.800132,28725,1574796354,685060024,navsat_link,2,1,40.665011668333335,-74.56369285666666,40.962,0.0011088899999999997,0.0,0.0,0.0,0.00142884,0.0,0.0,0.0,207.36,1
1593996832.997588,28726,1574796354,882930994,navsat_link,2,1,40.66501176166667,-74.56369301,40.94500000000001,0.0011088899999999997,0.0,0.0,0.0,0.00142884,0.0,0.0,0.0,207.36,1
1593996833.198898,28727,1574796355,83775997,navsat_link,2,1,40.66501171666667,-74.563692925,40.958,0.0011088899999999997,0.0,0.0,0.0,0.00142884,0.0,0.0,0.0,207.36,1
1593996833.3983328,28728,1574796355,283560037,navsat_link,2,1,40.66501166166667,-74.56369298333334,40.96000000000001,0.0011088899999999997,0.0,0.0,0.0,0.00142884,0.0,0.0,0.0,207.36,1
1593996833.6109104,28729,1574796355,495975017,navsat_link,2,1,40.66501162666667,-74.56369306333333,40.943,0.0011088899999999997,0.0,0.0,0.0,0.0014976899999999999,0.0,0.0,0.0,207.36,1
1593996833.8022604,28730,1574796355,687781095,navsat_link,2,1,40.66501175,-74.56369297333333,40.964,0.0011088899999999997,0.0,0.0,0.0,0.0014976899999999999,0.0,0.0,0.0,207.36,1
1593996834.004753,28731,1574796355,889971971,navsat_link,2,1,40.66501163,-74.56369319333334,40.928,0.0011088899999999997,0.0,0.0,0.0,0.0014976899999999999,0.0,0.0,0.0,207.36,1
1593996834.207564,28732,1574796356,92776060,navsat_link,2,1,40.665011666666665,-74.56369309333333,40.941,0.0011088899999999997,0.0,0.0,0.0,0.0014976899999999999,0.0,0.0,0.0,207.36,1
1593996834.3969035,28733,1574796356,282092094,navsat_link,2,1,40.66501167,-74.56369301833334,40.965,0.0011088899999999997,0.0,0.0,0.0,0.0014976899999999999,0.0,0.0,0.0,207.36,1
1593996834.6342154,28734,1574796356,519299983,navsat_link,2,1,40.66501164333334,-74.56369310833334,40.959,0.0011088899999999997,0.0,0.0,0.0,0.0014976899999999999,0.0,0.0,0.0,207.36,1
1593996834.7952328,28735,1574796356,680767059,navsat_link,2,1,40.665011633333336,-74.5636931,40.961,0.0011088899999999997,0.0,0.0,0.0,0.0014976899999999999,0.0,0.0,0.0,207.36,1
1593996835.0039353,28736,1574796356,889107942,navsat_link,2,1,40.665011559999996,-74.563693185,40.955,0.0011088899999999997,0.0,0.0,0.0,0.0014976899999999999,0.0,0.0,0.0,207.36,1
1593996835.1969323,28737,1574796357,82274913,navsat_link,2,1,40.66501154833333,-74.56369316666667,40.962,0.0011088899999999997,0.0,0.0,0.0,0.00142884,0.0,0.0,0.0,207.36,1
1593996835.3927186,28738,1574796357,278259038,navsat_link,2,1,40.665011545,-74.56369316,40.961,0.0011088899999999997,0.0,0.0,0.0,0.00142884,0.0,0.0,0.0,207.36,1
1593996835.605309,28739,1574796357,490636110,navsat_link,2,1,40.66501153833333,-74.56369318833333,40.96600000000001,0.0011088899999999997,0.0,0.0,0.0,0.00142884,0.0,0.0,0.0,207.36,1
1593996835.791262,28740,1574796357,676990985,navsat_link,2,1,40.665011535,-74.56369325166666,40.95700000000001,0.0011088899999999997,0.0,0.0,0.0,0.00142884,0.0,0.0,0.0,207.36,1
1593996835.9987411,28741,1574796357,883840084,navsat_link,2,1,40.66501153,-74.56369330166666,40.953,0.0011088899999999997,0.0,0.0,0.0,0.00142884,0.0,0.0,0.0,207.36,1
1593996836.2153862,28742,1574796358,100558996,navsat_link,2,1,40.66501152833333,-74.5636933,40.953,0.0011088899999999997,0.0,0.0,0.0,0.00142884,0.0,0.0,0.0,207.36,1
1593996836.3988066,28743,1574796358,284553050,navsat_link,2,1,40.66501151666667,-74.56369330333334,40.95400000000001,0.0011088899999999997,0.0,0.0,0.0,0.00142884,0.0,0.0,0.0,207.36,1
1593996836.602956,28744,1574796358,488012075,navsat_link,2,1,40.66501151166667,-74.56369337833334,40.95400000000001,0.0011088899999999997,0.0,0.0,0.0,0.00142884,0.0,0.0,0.0,207.36,1
